# nurbs mesh v.2.1
#
# 24-Jun-2015
#
 3 3 7 9 1
PATCH 1 
   1   1   1
   2   2   2
0.0000000   0.0000000   1.0000000   1.0000000   
0.0000000   0.0000000   1.0000000   1.0000000   
0.0000000   0.0000000   1.0000000   1.0000000   
-1.000000000000000   0.000000000000000   -1.000000000000000   0.000000000000000   -1.000000000000000   0.000000000000000   -1.000000000000000   0.000000000000000   
-1.000000000000000   -1.000000000000000   0.000000000000000   0.000000000000000   -1.000000000000000   -1.000000000000000   0.000000000000000   0.000000000000000   
-1.000000000000000   -1.000000000000000   -1.000000000000000   -1.000000000000000   0.000000000000000   0.000000000000000   0.000000000000000   0.000000000000000   
1.000000000000000   1.000000000000000   1.000000000000000   1.000000000000000   1.000000000000000   1.000000000000000   1.000000000000000   1.000000000000000   
PATCH 2 
   1   1   1
   2   2   2
0.0000000   0.0000000   1.0000000   1.0000000   
0.0000000   0.0000000   1.0000000   1.0000000   
0.0000000   0.0000000   1.0000000   1.0000000   
0.000000000000000   1.000000000000000   0.000000000000000   1.000000000000000   0.000000000000000   1.000000000000000   0.000000000000000   1.000000000000000   
-1.000000000000000   -1.000000000000000   0.000000000000000   0.000000000000000   -1.000000000000000   -1.000000000000000   0.000000000000000   0.000000000000000   
-1.000000000000000   -1.000000000000000   -1.000000000000000   -1.000000000000000   0.000000000000000   0.000000000000000   0.000000000000000   0.000000000000000   
1.000000000000000   1.000000000000000   1.000000000000000   1.000000000000000   1.000000000000000   1.000000000000000   1.000000000000000   1.000000000000000   
PATCH 3 
   1   1   1
   2   2   2
0.0000000   0.0000000   1.0000000   1.0000000   
0.0000000   0.0000000   1.0000000   1.0000000   
0.0000000   0.0000000   1.0000000   1.0000000   
-1.000000000000000   0.000000000000000   -1.000000000000000   0.000000000000000   -1.000000000000000   0.000000000000000   -1.000000000000000   0.000000000000000   
0.000000000000000   0.000000000000000   1.000000000000000   1.000000000000000   0.000000000000000   0.000000000000000   1.000000000000000   1.000000000000000   
-1.000000000000000   -1.000000000000000   -1.000000000000000   -1.000000000000000   0.000000000000000   0.000000000000000   0.000000000000000   0.000000000000000   
1.000000000000000   1.000000000000000   1.000000000000000   1.000000000000000   1.000000000000000   1.000000000000000   1.000000000000000   1.000000000000000   
PATCH 4 
   1   1   1
   2   2   2
0.0000000   0.0000000   1.0000000   1.0000000   
0.0000000   0.0000000   1.0000000   1.0000000   
0.0000000   0.0000000   1.0000000   1.0000000   
0.000000000000000   1.000000000000000   0.000000000000000   1.000000000000000   0.000000000000000   1.000000000000000   0.000000000000000   1.000000000000000   
0.000000000000000   0.000000000000000   1.000000000000000   1.000000000000000   0.000000000000000   0.000000000000000   1.000000000000000   1.000000000000000   
-1.000000000000000   -1.000000000000000   -1.000000000000000   -1.000000000000000   0.000000000000000   0.000000000000000   0.000000000000000   0.000000000000000   
1.000000000000000   1.000000000000000   1.000000000000000   1.000000000000000   1.000000000000000   1.000000000000000   1.000000000000000   1.000000000000000   
PATCH 5 
   1   1   1
   2   2   2
0.0000000   0.0000000   1.0000000   1.0000000   
0.0000000   0.0000000   1.0000000   1.0000000   
0.0000000   0.0000000   1.0000000   1.0000000   
-1.000000000000000   0.000000000000000   -1.000000000000000   0.000000000000000   -1.000000000000000   0.000000000000000   -1.000000000000000   0.000000000000000   
-1.000000000000000   -1.000000000000000   0.000000000000000   0.000000000000000   -1.000000000000000   -1.000000000000000   0.000000000000000   0.000000000000000   
0.000000000000000   0.000000000000000   0.000000000000000   0.000000000000000   1.000000000000000   1.000000000000000   1.000000000000000   1.000000000000000   
1.000000000000000   1.000000000000000   1.000000000000000   1.000000000000000   1.000000000000000   1.000000000000000   1.000000000000000   1.000000000000000   
PATCH 6 
   1   1   1
   2   2   2
0.0000000   0.0000000   1.0000000   1.0000000   
0.0000000   0.0000000   1.0000000   1.0000000   
0.0000000   0.0000000   1.0000000   1.0000000   
0.000000000000000   1.000000000000000   0.000000000000000   1.000000000000000   0.000000000000000   1.000000000000000   0.000000000000000   1.000000000000000   
-1.000000000000000   -1.000000000000000   0.000000000000000   0.000000000000000   -1.000000000000000   -1.000000000000000   0.000000000000000   0.000000000000000   
0.000000000000000   0.000000000000000   0.000000000000000   0.000000000000000   1.000000000000000   1.000000000000000   1.000000000000000   1.000000000000000   
1.000000000000000   1.000000000000000   1.000000000000000   1.000000000000000   1.000000000000000   1.000000000000000   1.000000000000000   1.000000000000000   
PATCH 7 
   1   1   1
   2   2   2
0.0000000   0.0000000   1.0000000   1.0000000   
0.0000000   0.0000000   1.0000000   1.0000000   
0.0000000   0.0000000   1.0000000   1.0000000   
0.000000000000000   1.000000000000000   0.000000000000000   1.000000000000000   0.000000000000000   1.000000000000000   0.000000000000000   1.000000000000000   
0.000000000000000   0.000000000000000   1.000000000000000   1.000000000000000   0.000000000000000   0.000000000000000   1.000000000000000   1.000000000000000   
0.000000000000000   0.000000000000000   0.000000000000000   0.000000000000000   1.000000000000000   1.000000000000000   1.000000000000000   1.000000000000000   
1.000000000000000   1.000000000000000   1.000000000000000   1.000000000000000   1.000000000000000   1.000000000000000   1.000000000000000   1.000000000000000   
INTERFACE 1 
1 2 
2 1 
1 1 1 
INTERFACE 2 
2 4 
4 3 
1 1 1 
INTERFACE 3 
3 2 
4 1 
1 1 1 
INTERFACE 4 
1 4 
3 3 
1 1 1 
INTERFACE 5 
5 2 
6 1 
1 1 1 
INTERFACE 6 
6 4 
7 3 
1 1 1 
INTERFACE 7 
1 6 
5 5 
1 1 1 
INTERFACE 8 
2 6 
6 5 
1 1 1 
INTERFACE 9 
4 6 
7 5 
1 1 1 
SUBDOMAIN 1 
1 2 3 4 5 6 7 
EXTERNAL BOUNDARY 1 
24 
1 1 
1 3 
1 5 
2 2 
2 3 
2 5 
3 1 
3 4 
3 5 
3 6 
4 2 
4 4 
4 5 
5 1 
5 3 
5 4 
5 6 
6 2 
6 3 
6 6 
7 1 
7 2 
7 4 
7 6 
