# nurbs mesh v.0.6
# 
# Unit cube represented by two patches (Case 2).
# 2nd September 2010
#
3 2 1
2 2 2 
3 4 3
0.00000   0.00000   0.00000   1.00000   1.00000   1.00000
0.00000   0.00000   0.00000   0.40000   1.00000   1.00000   1.00000
0.00000   0.00000   0.00000   1.00000   1.00000   1.00000
0.00000   0.25000   0.50000   0.00000   0.25000   0.50000   0.00000   0.25000   0.50000   0.00000   0.25000   0.50000   0.00000   0.25000   0.50000   0.00000   0.25000   0.50000   0.00000   0.25000   0.50000   0.00000   0.25000   0.50000   0.00000   0.25000   0.50000   0.00000   0.25000   0.50000   0.00000   0.25000   0.50000   0.00000   0.25000   0.50000
0.00000   0.00000   0.00000   0.33333   0.33333   0.33333   0.66667   0.66667   0.66667   1.00000   1.00000   1.00000   0.00000   0.00000   0.00000   0.33333   0.33333   0.33333   0.66667   0.66667   0.66667   1.00000   1.00000   1.00000   0.00000   0.00000   0.00000   0.33333   0.33333   0.33333   0.66667   0.66667   0.66667   1.00000   1.00000   1.00000
0.00000   0.00000   0.00000   0.00000   0.00000   0.00000   0.00000   0.00000   0.00000   0.00000   0.00000   0.00000   0.50000   0.50000   0.50000   0.50000   0.50000   0.50000   0.50000   0.50000   0.50000   0.50000   0.50000   0.50000   1.00000   1.00000   1.00000   1.00000   1.00000   1.00000   1.00000   1.00000   1.00000   1.00000   1.00000   1.00000
1.00000   1.00000   1.00000   1.00000   1.00000   1.00000   1.00000   1.00000   1.00000   1.00000   1.00000   1.00000   1.00000   1.00000   1.00000   1.00000   1.00000   1.00000   1.00000   1.00000   1.00000   1.00000   1.00000   1.00000   1.00000   1.00000   1.00000   1.00000   1.00000   1.00000   1.00000   1.00000   1.00000   1.00000   1.00000   1.00000
2 2 2 
3 3 4
0.00000   0.00000   0.00000   1.00000   1.00000   1.00000
0.00000   0.00000   0.00000   1.00000   1.00000   1.00000
0.00000   0.00000   0.00000   0.40000   1.00000   1.00000   1.00000
0.50000   0.75000   1.00000   0.50000   0.75000   1.00000   0.50000   0.75000   1.00000   0.50000   0.75000   1.00000   0.50000   0.75000   1.00000   0.50000   0.75000   1.00000   0.50000   0.75000   1.00000   0.50000   0.75000   1.00000   0.50000   0.75000   1.00000   0.50000   0.75000   1.00000   0.50000   0.75000   1.00000   0.50000   0.75000   1.00000   
0.00000   0.00000   0.00000   0.00000   0.00000   0.00000   0.00000   0.00000   0.00000   0.33333   0.33333   0.33333   0.33333   0.33333   0.33333   0.33333   0.33333   0.33333   0.66667   0.66667   0.66667   0.66667   0.66667   0.66667   0.66667   0.66667   0.66667   1.00000   1.00000   1.00000   1.00000   1.00000   1.00000   1.00000   1.00000   1.00000
0.00000   0.00000   0.00000   0.50000   0.50000   0.50000   1.00000   1.00000   1.00000   0.00000   0.00000   0.00000   0.50000   0.50000   0.50000   1.00000   1.00000   1.00000   0.00000   0.00000   0.00000   0.50000   0.50000   0.50000   1.00000   1.00000   1.00000   0.00000   0.00000   0.00000   0.50000   0.50000   0.50000   1.00000   1.00000   1.00000
1.00000   1.00000   1.00000   1.00000   1.00000   1.00000   1.00000   1.00000   1.00000   1.00000   1.00000   1.00000   1.00000   1.00000   1.00000   1.00000   1.00000   1.00000   1.00000   1.00000   1.00000   1.00000   1.00000   1.00000   1.00000   1.00000   1.00000   1.00000   1.00000   1.00000   1.00000   1.00000   1.00000   1.00000   1.00000   1.00000
INTERFACE 1
1 2
2 1
-1 1 1
BOUNDARY 1
10
1 1
1 3
1 4
1 5
1 6
2 2
2 3
2 4
2 5
2 6
