# nurbs mesh v.0.6
# 
# Waveguide with a square cross-section.
#
3 5 8
1 1 1
2 2 2
0.00000   0.00000   1.00000   1.00000
0.00000   0.00000   1.00000   1.00000
0.00000   0.00000   1.00000   1.00000
0.00000   5.00000   0.00000   5.00000   0.0000   5.00000   0.0000   5.0000
-1.0000   -1.0000   1.00000   1.0000   -1.0000   -1.0000   1.0000   1.0000
-1.0000   -1.0000   -1.0000   -1.0000   1.0000   1.00000   1.0000   1.0000
1.00000   1.00000   1.00000   1.00000   1.00000   1.0000   1.0000   1.00000
1 1 1
2 2 2
0.00000   0.00000   1.00000   1.00000
0.00000   0.00000   1.00000   1.00000
0.00000   0.00000   1.00000   1.00000
0.0000    5.0000    0.0000    5.0000   0.0000   5.0000   0.0000   5.0000
-1.0000   -1.0000   1.0000   1.0000   -1.1000   -1.1000   1.1000   1.1000
1.0000   1.0000   1.0000   1.0000   1.1000   1.1000   1.1000   1.1000
1.00000   1.00000   1.00000   1.00000   1.00000   1.00000   1.00000   1.00000
1 1 1
2 2 2
0.00000   0.00000   1.00000   1.00000
0.00000   0.00000   1.00000   1.00000
0.00000   0.00000   1.00000   1.00000
0.0000   5.0000   0.0000   5.0000   0.0000   5.0000   0.0000   5.0000
1.0000   1.0000   1.1000   1.1000   1.0000   1.0000   1.1000   1.1000
-1.0000   -1.0000   -1.1000   -1.1000   1.000   1.0000   1.1000   1.1000
1.00000   1.00000   1.00000   1.00000   1.00000   1.00000   1.00000   1.00000
1 1 1
2 2 2
0.00000   0.00000   1.00000   1.00000
0.00000   0.00000   1.00000   1.00000
0.00000   0.00000   1.00000   1.00000
0.0000   5.0000   0.0000   5.0000   0.0000   5.0000   0.0000   5.0000
-1.1000   -1.1000   1.1000   1.1000   -1.0000   -1.0000   1.000   1.000
-1.1000   -1.1000   -1.1000   -1.1000   -1.0000   -1.0000   -1.0000   -1.0000
1.00000   1.00000   1.00000   1.00000   1.00000   1.00000   1.00000   1.00000
1 1 1
2 2 2
0.00000   0.00000   1.00000   1.00000
0.00000   0.00000   1.00000   1.00000
0.00000   0.00000   1.00000   1.00000
0.0000   5.0000   0.0000   5.0000   0.0000   5.0000   0.0000   5.0000
-1.1000   -1.1000   -1.0000   -1.0000   -1.1000   -1.1000    -1.000   -1.000
-1.1000   -1.1000   -1.0000   -1.0000     1.1000       1.1000      1.000   1.000
1.00000   1.00000   1.00000   1.00000   1.00000   1.00000   1.00000   1.00000
INTERFACE 1
1 3
5 4
1 1 1
INTERFACE 2
1 4
3 3
1 1 1
INTERFACE 3
1 5
4 6
1 1 1
INTERFACE 4
1 6
2 5
1 1 1
INTERFACE 5
2 3
5 6
1 1 1
INTERFACE 6
2 4
3 6
1 1 1
INTERFACE 7
3 5
4 4
1 1 1
INTERFACE 8
4 3
5 5
1 1 1
BOUNDARY 1
4
2 6
3 4
4 5
5 3
BOUNDARY 2
5
1 1
2 1
3 1
4 1
5 1
BOUNDARY 3
5
1 2
2 2
3 2
4 2
5 2
