# nurbs mesh v.0.7
# 
# Unit cube represented by two patches (Case 5).
# March 29th 2011
#
3 2 1 1
2 2 2 
3 4 3
0.00000   0.00000   0.00000   1.00000   1.00000   1.00000
0.00000   0.00000   0.00000   0.40000   1.00000   1.00000   1.00000
0.00000   0.00000   0.00000   1.00000   1.00000   1.00000
0.00000   0.25000   0.50000   0.00000   0.25000   0.50000   0.00000   0.25000   0.50000   0.00000   0.25000   0.50000   0.00000   0.25000   0.50000   0.00000   0.25000   0.50000   0.00000   0.25000   0.50000   0.00000   0.25000   0.50000   0.00000   0.25000   0.50000   0.00000   0.25000   0.50000   0.00000   0.25000   0.50000   0.00000   0.25000   0.50000
0.00000   0.00000   0.00000   0.33333   0.33333   0.33333   0.66667   0.66667   0.66667   1.00000   1.00000   1.00000   0.00000   0.00000   0.00000   0.33333   0.33333   0.33333   0.66667   0.66667   0.66667   1.00000   1.00000   1.00000   0.00000   0.00000   0.00000   0.33333   0.33333   0.33333   0.66667   0.66667   0.66667   1.00000   1.00000   1.00000
0.00000   0.00000   0.00000   0.00000   0.00000   0.00000   0.00000   0.00000   0.00000   0.00000   0.00000   0.00000   0.50000   0.50000   0.50000   0.50000   0.50000   0.50000   0.50000   0.50000   0.50000   0.50000   0.50000   0.50000   1.00000   1.00000   1.00000   1.00000   1.00000   1.00000   1.00000   1.00000   1.00000   1.00000   1.00000   1.00000
1.00000   1.00000   1.00000   1.00000   1.00000   1.00000   1.00000   1.00000   1.00000   1.00000   1.00000   1.00000   1.00000   1.00000   1.00000   1.00000   1.00000   1.00000   1.00000   1.00000   1.00000   1.00000   1.00000   1.00000   1.00000   1.00000   1.00000   1.00000   1.00000   1.00000   1.00000   1.00000   1.00000   1.00000   1.00000   1.00000
2 2 2 
3 4 3
0.00000   0.00000   0.00000   1.00000   1.00000   1.00000
0.00000   0.00000   0.00000   0.60000   1.00000   1.00000   1.00000
0.00000   0.00000   0.00000   1.00000   1.00000   1.00000
0.50000   0.75000   1.00000   0.50000   0.75000   1.00000   0.50000   0.75000   1.00000   0.50000   0.75000   1.00000   0.50000   0.75000   1.00000   0.50000   0.75000   1.00000   0.50000   0.75000   1.00000   0.50000   0.75000   1.00000   0.50000   0.75000   1.00000   0.50000   0.75000   1.00000   0.50000   0.75000   1.00000   0.50000   0.75000   1.00000   
1.00000   1.00000   1.00000   0.66667   0.66667   0.66667   0.33333   0.33333   0.33333   0.00000   0.00000   0.00000   1.00000   1.00000   1.00000   0.66667   0.66667   0.66667   0.33333   0.33333   0.33333   0.00000   0.00000   0.00000   1.00000   1.00000   1.00000   0.66667   0.66667   0.66667   0.33333   0.33333   0.33333   0.00000   0.00000   0.00000
1.00000   1.00000   1.00000   1.00000   1.00000   1.00000   1.00000   1.00000   1.00000   1.00000   1.00000   1.00000   0.50000   0.50000   0.50000   0.50000   0.50000   0.50000   0.50000   0.50000   0.50000   0.50000   0.50000   0.50000   0.00000   0.00000   0.00000   0.00000   0.00000   0.00000   0.00000   0.00000   0.00000   0.00000   0.00000   0.00000
1.00000   1.00000   1.00000   1.00000   1.00000   1.00000   1.00000   1.00000   1.00000   1.00000   1.00000   1.00000   1.00000   1.00000   1.00000   1.00000   1.00000   1.00000   1.00000   1.00000   1.00000   1.00000   1.00000   1.00000   1.00000   1.00000   1.00000   1.00000   1.00000   1.00000   1.00000   1.00000   1.00000   1.00000   1.00000   1.00000
INTERFACE 1
1 2
2 1
1 -1 -1
# The same subdomain is used for both patches
SUBDOMAIN 1
1 2
BOUNDARY 1 (x = 0)
1
1 1
BOUNDARY 2 (x = 1)
1
2 2
BOUNDARY 3 (y = 0)
2
1 3
2 4
BOUNDARY 4 (y = 1)
2
1 4
2 3
BOUNDARY 5 (z = 0)
2
1 5
2 6
BOUNDARY 6 (z = 1)
2
1 6
2 5
