# nurbs mesh v.2.1
#
# 24-Jun-2015
#
 3 3 2 1 1
PATCH 1 
   2   2   2
   3   4   3
0.0000000   0.0000000   0.0000000   1.0000000   1.0000000   1.0000000   
0.0000000   0.0000000   0.0000000   0.4000000   1.0000000   1.0000000   1.0000000   
0.0000000   0.0000000   0.0000000   1.0000000   1.0000000   1.0000000   
0.000000000000000   0.250000000000000   0.500000000000000   0.000000000000000   0.250000000000000   0.500000000000000   0.000000000000000   0.250000000000000   0.500000000000000   0.000000000000000   0.250000000000000   0.500000000000000   0.000000000000000   0.250000000000000   0.500000000000000   0.000000000000000   0.250000000000000   0.500000000000000   0.000000000000000   0.250000000000000   0.500000000000000   0.000000000000000   0.250000000000000   0.500000000000000   0.000000000000000   0.250000000000000   0.500000000000000   0.000000000000000   0.250000000000000   0.500000000000000   0.000000000000000   0.250000000000000   0.500000000000000   0.000000000000000   0.250000000000000   0.500000000000000   
0.000000000000000   0.000000000000000   0.000000000000000   0.333330000000000   0.333330000000000   0.333330000000000   0.666670000000000   0.666670000000000   0.666670000000000   1.000000000000000   1.000000000000000   1.000000000000000   0.000000000000000   0.000000000000000   0.000000000000000   0.333330000000000   0.333330000000000   0.333330000000000   0.666670000000000   0.666670000000000   0.666670000000000   1.000000000000000   1.000000000000000   1.000000000000000   0.000000000000000   0.000000000000000   0.000000000000000   0.333330000000000   0.333330000000000   0.333330000000000   0.666670000000000   0.666670000000000   0.666670000000000   1.000000000000000   1.000000000000000   1.000000000000000   
0.000000000000000   0.000000000000000   0.000000000000000   0.000000000000000   0.000000000000000   0.000000000000000   0.000000000000000   0.000000000000000   0.000000000000000   0.000000000000000   0.000000000000000   0.000000000000000   0.500000000000000   0.500000000000000   0.500000000000000   0.500000000000000   0.500000000000000   0.500000000000000   0.500000000000000   0.500000000000000   0.500000000000000   0.500000000000000   0.500000000000000   0.500000000000000   1.000000000000000   1.000000000000000   1.000000000000000   1.000000000000000   1.000000000000000   1.000000000000000   1.000000000000000   1.000000000000000   1.000000000000000   1.000000000000000   1.000000000000000   1.000000000000000   
1.000000000000000   1.000000000000000   1.000000000000000   1.000000000000000   1.000000000000000   1.000000000000000   1.000000000000000   1.000000000000000   1.000000000000000   1.000000000000000   1.000000000000000   1.000000000000000   1.000000000000000   1.000000000000000   1.000000000000000   1.000000000000000   1.000000000000000   1.000000000000000   1.000000000000000   1.000000000000000   1.000000000000000   1.000000000000000   1.000000000000000   1.000000000000000   1.000000000000000   1.000000000000000   1.000000000000000   1.000000000000000   1.000000000000000   1.000000000000000   1.000000000000000   1.000000000000000   1.000000000000000   1.000000000000000   1.000000000000000   1.000000000000000   
PATCH 2 
   2   2   2
   3   4   3
0.0000000   0.0000000   0.0000000   1.0000000   1.0000000   1.0000000   
0.0000000   0.0000000   0.0000000   0.4000000   1.0000000   1.0000000   1.0000000   
0.0000000   0.0000000   0.0000000   1.0000000   1.0000000   1.0000000   
0.500000000000000   0.750000000000000   1.000000000000000   0.500000000000000   0.750000000000000   1.000000000000000   0.500000000000000   0.750000000000000   1.000000000000000   0.500000000000000   0.750000000000000   1.000000000000000   0.500000000000000   0.750000000000000   1.000000000000000   0.500000000000000   0.750000000000000   1.000000000000000   0.500000000000000   0.750000000000000   1.000000000000000   0.500000000000000   0.750000000000000   1.000000000000000   0.500000000000000   0.750000000000000   1.000000000000000   0.500000000000000   0.750000000000000   1.000000000000000   0.500000000000000   0.750000000000000   1.000000000000000   0.500000000000000   0.750000000000000   1.000000000000000   
0.000000000000000   0.000000000000000   0.000000000000000   0.333330000000000   0.333330000000000   0.333330000000000   0.666670000000000   0.666670000000000   0.666670000000000   1.000000000000000   1.000000000000000   1.000000000000000   0.000000000000000   0.000000000000000   0.000000000000000   0.333330000000000   0.333330000000000   0.333330000000000   0.666670000000000   0.666670000000000   0.666670000000000   1.000000000000000   1.000000000000000   1.000000000000000   0.000000000000000   0.000000000000000   0.000000000000000   0.333330000000000   0.333330000000000   0.333330000000000   0.666670000000000   0.666670000000000   0.666670000000000   1.000000000000000   1.000000000000000   1.000000000000000   
1.000000000000000   1.000000000000000   1.000000000000000   1.000000000000000   1.000000000000000   1.000000000000000   1.000000000000000   1.000000000000000   1.000000000000000   1.000000000000000   1.000000000000000   1.000000000000000   0.500000000000000   0.500000000000000   0.500000000000000   0.500000000000000   0.500000000000000   0.500000000000000   0.500000000000000   0.500000000000000   0.500000000000000   0.500000000000000   0.500000000000000   0.500000000000000   0.000000000000000   0.000000000000000   0.000000000000000   0.000000000000000   0.000000000000000   0.000000000000000   0.000000000000000   0.000000000000000   0.000000000000000   0.000000000000000   0.000000000000000   0.000000000000000   
1.000000000000000   1.000000000000000   1.000000000000000   1.000000000000000   1.000000000000000   1.000000000000000   1.000000000000000   1.000000000000000   1.000000000000000   1.000000000000000   1.000000000000000   1.000000000000000   1.000000000000000   1.000000000000000   1.000000000000000   1.000000000000000   1.000000000000000   1.000000000000000   1.000000000000000   1.000000000000000   1.000000000000000   1.000000000000000   1.000000000000000   1.000000000000000   1.000000000000000   1.000000000000000   1.000000000000000   1.000000000000000   1.000000000000000   1.000000000000000   1.000000000000000   1.000000000000000   1.000000000000000   1.000000000000000   1.000000000000000   1.000000000000000   
INTERFACE 1 
1 2 
2 1 
1 1 -1 
SUBDOMAIN 1 
1 2 
BOUNDARY 1 (x = 0) 
1 
1 1 
BOUNDARY 2 (x = 1) 
1 
2 2 
BOUNDARY 3 (y = 0) 
2 
1 3 
2 3 
BOUNDARY 4 (y = 1) 
2 
1 4 
2 4 
BOUNDARY 5 (z = 0) 
2 
1 5 
2 6 
BOUNDARY 6 (z = 1) 
2 
1 6 
2 5 
