# nurbs mesh v.2.1
#
# 24-Jun-2015
#
 2 2 1 0 1
PATCH 1 
   2   2
   3   4
0.0000000   0.0000000   0.0000000   1.0000000   1.0000000   1.0000000   
0.0000000   0.0000000   0.0000000   0.5000000   1.0000000   1.0000000   1.0000000   
-1.000000000000000   -0.500000000000000   0.000000000000000   -1.000000000000000   -0.707106781186548   0.000000000000000   -1.000000000000000   -0.292893218813452   0.000000000000000   1.000000000000000   1.000000000000000   1.000000000000000   
-1.000000000000000   -1.000000000000000   -1.000000000000000   1.000000000000000   0.292893218813452   0.000000000000000   1.000000000000000   0.707106781186548   0.000000000000000   1.000000000000000   0.500000000000000   0.000000000000000   
1.000000000000000   1.000000000000000   1.000000000000000   1.000000000000000   1.000000000000000   1.000000000000000   1.000000000000000   1.000000000000000   1.000000000000000   1.000000000000000   1.000000000000000   1.000000000000000   
SUBDOMAIN 1 
1 
