# nurbs mesh v.2.1
#
# 24-Jun-2015
#
 2 3 1 0 0
PATCH 1 
   2   1
   3   2
0.0000000   0.0000000   0.0000000   1.0000000   1.0000000   1.0000000   
0.0000000   0.0000000   1.0000000   1.0000000   
1.000000000000000   0.707106781186548   0.000000000000000   1.000000000000000   0.707106781186548   0.000000000000000   
0.000000000000000   0.707106781186547   1.000000000000000   0.000000000000000   0.707106781186547   1.000000000000000   
0.000000000000000   0.000000000000000   0.000000000000000   1.000000000000000   0.707106781186548   1.000000000000000   
1.000000000000000   0.707106781186548   1.000000000000000   1.000000000000000   0.707106781186548   1.000000000000000   
