# nurbs mesh v.0.6
# 
# Unit cube, defined through the identity mapping
# 9th April 2010
#
3 1
1 1 1
2 2 2
0.00000   0.00000   1.00000   1.00000
0.00000   0.00000   1.00000   1.00000
0.00000   0.00000   1.00000   1.00000
0.00000   1.00000   0.00000   1.00000   0.00000   1.00000   0.00000   1.00000
0.00000   0.00000   1.00000   1.00000   0.00000   0.00000   1.00000   1.00000
0.00000   0.00000   0.00000   0.00000   1.00000   1.00000   1.00000   1.00000
1.00000   1.00000   1.00000   1.00000   1.00000   1.00000   1.00000   1.00000
