# nurbs mesh v.0.6
# 
# Volumic NURBS representation of one quarter of a ring
# 6th May 2010
#
3 1
1 2 1
2 3 2
0.00000   0.00000   1.00000   1.00000
0.00000   0.00000   0.00000   1.00000   1.00000   1.00000
0.00000   0.00000   1.00000   1.00000
1.00000   2.00000   0.707106781186548   1.414213562373095   0.00000   0.00000   1.00000   2.00000   0.707106781186548   1.414213562373095   0.00000   0.00000
0.00000   0.00000   0.707106781186548   1.414213562373095   1.00000   2.00000   0.00000   0.00000   0.707106781186548   1.414213562373095   1.00000   2.00000
0.00000   0.00000   0.00000   0.00000   0.00000   0.00000   1.00000   1.00000   0.707106781186548   0.707106781186548   1.00000   1.00000
1.00000   1.00000   0.707106781186548   0.707106781186548   1.00000   1.00000   1.00000   1.00000   0.707106781186548   0.707106781186548   1.00000   1.00000
