# nurbs mesh v.0.6
# 
# thick L-shaped domain defined with a single patch and a C^0 parametrization
# 9th April 2010
#
3 1
1 1 1
2 3 2
0.00000   0.00000   1.00000   1.00000
0.00000   0.00000   0.50000   1.00000   1.00000
0.00000   0.00000   1.00000   1.00000
-1.0000   0.00000  -1.00000   0.00000   1.00000   1.00000   -1.0000   0.00000  -1.00000   0.00000   1.00000   1.00000
-1.0000  -1.00000   1.00000   0.00000   1.00000   0.00000   -1.0000  -1.00000   1.00000   0.00000   1.00000   0.00000
0.00000   0.00000   0.00000   0.00000   0.00000   0.00000   1.00000   1.00000   1.00000   1.00000   1.00000   1.00000
1.00000   1.00000   1.00000   1.00000   1.00000   1.00000   1.00000   1.00000   1.00000   1.00000   1.00000   1.00000
