# nurbs mesh v.0.6
# 
# Volumetric NURBS representation of three quarters of the cylinder
#  One of the faces of the cube is degenerated into a single edge
# 9th April 2010
#
3 1
2 1 1
7 2 2
0.00000   0.00000   0.00000   0.33333333   0.33333333   0.66666667   0.66666667   1.00000   1.00000   1.00000
0.00000   0.00000   1.00000   1.00000
0.00000   0.00000   1.00000   1.00000
1.00000   0.707106781186548   0.00000  -0.707106781186548  -1.00000  -0.707106781186548   0.00000   0.00000   0.00000   0.00000   0.00000   0.00000   0.00000   0.00000   1.00000   0.707106781186548   0.00000  -0.707106781186548  -1.00000  -0.707106781186548   0.00000   0.00000   0.00000   0.00000   0.00000   0.00000   0.00000   0.00000
0.00000   0.707106781186548   1.00000   0.707106781186548   0.00000  -0.707106781186548  -1.00000   0.00000   0.00000   0.00000   0.00000   0.00000   0.00000   0.00000   0.00000   0.707106781186548   1.00000   0.707106781186548   0.00000  -0.707106781186548  -1.00000   0.00000   0.00000   0.00000   0.00000   0.00000   0.00000   0.00000
0.00000   0.00000   0.00000   0.00000   0.00000   0.00000   0.00000   0.00000   0.00000   0.00000   0.00000   0.00000   0.00000   0.00000   1.00000   0.707106781186548   1.00000   0.707106781186548   1.00000   0.707106781186548   1.00000   1.00000   0.707106781186548   1.00000   0.707106781186548   1.00000   0.707106781186548   1.00000
1.00000   0.707106781186548   1.00000   0.707106781186548   1.00000   0.707106781186548   1.00000   1.00000   0.707106781186548   1.00000   0.707106781186548   1.00000   0.707106781186548   1.00000   1.00000   0.707106781186548   1.00000   0.707106781186548   1.00000   0.707106781186548   1.00000   1.00000   0.707106781186548   1.00000   0.707106781186548   1.00000   0.707106781186548   1.00000
