# nurbs mesh v.2.1
#
# 24-Jun-2015
#
 3 3 1 0 1
PATCH 1 
   2   1   1
   7   2   2
0.0000000   0.0000000   0.0000000   0.3333333   0.3333333   0.6666667   0.6666667   1.0000000   1.0000000   1.0000000   
0.0000000   0.0000000   1.0000000   1.0000000   
0.0000000   0.0000000   1.0000000   1.0000000   
1.000000000000000   0.707106781186548   0.000000000000000   -0.707106781186548   -1.000000000000000   -0.707106781186548   0.000000000000000   0.000000000000000   0.000000000000000   0.000000000000000   0.000000000000000   0.000000000000000   0.000000000000000   0.000000000000000   1.000000000000000   0.707106781186548   0.000000000000000   -0.707106781186548   -1.000000000000000   -0.707106781186548   0.000000000000000   0.000000000000000   0.000000000000000   0.000000000000000   0.000000000000000   0.000000000000000   0.000000000000000   0.000000000000000   
0.000000000000000   0.707106781186548   1.000000000000000   0.707106781186548   0.000000000000000   -0.707106781186548   -1.000000000000000   0.000000000000000   0.000000000000000   0.000000000000000   0.000000000000000   0.000000000000000   0.000000000000000   0.000000000000000   0.000000000000000   0.707106781186548   1.000000000000000   0.707106781186548   0.000000000000000   -0.707106781186548   -1.000000000000000   0.000000000000000   0.000000000000000   0.000000000000000   0.000000000000000   0.000000000000000   0.000000000000000   0.000000000000000   
0.000000000000000   0.000000000000000   0.000000000000000   0.000000000000000   0.000000000000000   0.000000000000000   0.000000000000000   0.000000000000000   0.000000000000000   0.000000000000000   0.000000000000000   0.000000000000000   0.000000000000000   0.000000000000000   1.000000000000000   0.707106781186548   1.000000000000000   0.707106781186548   1.000000000000000   0.707106781186548   1.000000000000000   1.000000000000000   0.707106781186548   1.000000000000000   0.707106781186548   1.000000000000000   0.707106781186548   1.000000000000000   
1.000000000000000   0.707106781186548   1.000000000000000   0.707106781186548   1.000000000000000   0.707106781186548   1.000000000000000   1.000000000000000   0.707106781186548   1.000000000000000   0.707106781186548   1.000000000000000   0.707106781186548   1.000000000000000   1.000000000000000   0.707106781186548   1.000000000000000   0.707106781186548   1.000000000000000   0.707106781186548   1.000000000000000   1.000000000000000   0.707106781186548   1.000000000000000   0.707106781186548   1.000000000000000   0.707106781186548   1.000000000000000   
SUBDOMAIN 1 
1 
