# nurbs mesh v.0.7
#
# 11-Jul-2014
#
   3   7  18   1
PATCH 1
   4   4   4
   5   5   5
0.0000000000   0.0000000000   0.0000000000   0.0000000000   0.0000000000   1.0000000000   1.0000000000   1.0000000000   1.0000000000   1.0000000000   
0.0000000000   0.0000000000   0.0000000000   0.0000000000   0.0000000000   1.0000000000   1.0000000000   1.0000000000   1.0000000000   1.0000000000   
0.0000000000   0.0000000000   0.0000000000   0.0000000000   0.0000000000   1.0000000000   1.0000000000   1.0000000000   1.0000000000   1.0000000000   
-0.333333333333333310   -0.333333333333333310   -0.333333333333333310   -0.333333333333333310   -0.333333333333333310   -0.166666666666666690   -0.166666666666666690   -0.166666666666666690   -0.166666666666666690   -0.166666666666666690   0.000000000000000000   0.000000000000000000   0.000000000000000000   0.000000000000000000   0.000000000000000000   0.166666666666666690   0.166666666666666690   0.166666666666666690   0.166666666666666690   0.166666666666666690   0.333333333333333310   0.333333333333333310   0.333333333333333310   0.333333333333333310   0.333333333333333310   -0.333333333333333310   -0.333333333333333310   -0.333333333333333310   -0.333333333333333310   -0.333333333333333310   -0.166666666666666690   -0.166666666666666690   -0.166666666666666690   -0.166666666666666690   -0.166666666666666690   0.000000000000000000   0.000000000000000000   0.000000000000000000   0.000000000000000000   0.000000000000000000   0.166666666666666690   0.166666666666666690   0.166666666666666690   0.166666666666666690   0.166666666666666690   0.333333333333333310   0.333333333333333310   0.333333333333333310   0.333333333333333310   0.333333333333333310   -0.333333333333333310   -0.333333333333333310   -0.333333333333333310   -0.333333333333333310   -0.333333333333333310   -0.166666666666666690   -0.166666666666666690   -0.166666666666666690   -0.166666666666666690   -0.166666666666666690   0.000000000000000000   0.000000000000000000   0.000000000000000000   0.000000000000000000   0.000000000000000000   0.166666666666666690   0.166666666666666690   0.166666666666666690   0.166666666666666690   0.166666666666666690   0.333333333333333310   0.333333333333333310   0.333333333333333310   0.333333333333333310   0.333333333333333310   -0.333333333333333310   -0.333333333333333310   -0.333333333333333310   -0.333333333333333310   -0.333333333333333310   -0.166666666666666690   -0.166666666666666690   -0.166666666666666690   -0.166666666666666690   -0.166666666666666690   0.000000000000000000   0.000000000000000000   0.000000000000000000   0.000000000000000000   0.000000000000000000   0.166666666666666690   0.166666666666666690   0.166666666666666690   0.166666666666666690   0.166666666666666690   0.333333333333333310   0.333333333333333310   0.333333333333333310   0.333333333333333310   0.333333333333333310   -0.333333333333333310   -0.333333333333333310   -0.333333333333333310   -0.333333333333333310   -0.333333333333333310   -0.166666666666666690   -0.166666666666666690   -0.166666666666666690   -0.166666666666666690   -0.166666666666666690   0.000000000000000000   0.000000000000000000   0.000000000000000000   0.000000000000000000   0.000000000000000000   0.166666666666666690   0.166666666666666690   0.166666666666666690   0.166666666666666690   0.166666666666666690   0.333333333333333310   0.333333333333333310   0.333333333333333310   0.333333333333333310   0.333333333333333310   
-0.333333333333333310   -0.166666666666666690   0.000000000000000000   0.166666666666666690   0.333333333333333310   -0.333333333333333310   -0.166666666666666690   0.000000000000000000   0.166666666666666690   0.333333333333333310   -0.333333333333333310   -0.166666666666666690   0.000000000000000000   0.166666666666666690   0.333333333333333310   -0.333333333333333310   -0.166666666666666690   0.000000000000000000   0.166666666666666690   0.333333333333333310   -0.333333333333333310   -0.166666666666666690   0.000000000000000000   0.166666666666666690   0.333333333333333310   -0.333333333333333310   -0.166666666666666690   0.000000000000000000   0.166666666666666690   0.333333333333333310   -0.333333333333333310   -0.166666666666666690   0.000000000000000000   0.166666666666666690   0.333333333333333310   -0.333333333333333310   -0.166666666666666690   0.000000000000000000   0.166666666666666690   0.333333333333333310   -0.333333333333333310   -0.166666666666666690   0.000000000000000000   0.166666666666666690   0.333333333333333310   -0.333333333333333310   -0.166666666666666690   0.000000000000000000   0.166666666666666690   0.333333333333333310   -0.333333333333333310   -0.166666666666666690   0.000000000000000000   0.166666666666666690   0.333333333333333310   -0.333333333333333310   -0.166666666666666690   0.000000000000000000   0.166666666666666690   0.333333333333333310   -0.333333333333333310   -0.166666666666666690   0.000000000000000000   0.166666666666666690   0.333333333333333310   -0.333333333333333310   -0.166666666666666690   0.000000000000000000   0.166666666666666690   0.333333333333333310   -0.333333333333333310   -0.166666666666666690   0.000000000000000000   0.166666666666666690   0.333333333333333310   -0.333333333333333310   -0.166666666666666690   0.000000000000000000   0.166666666666666690   0.333333333333333310   -0.333333333333333310   -0.166666666666666690   0.000000000000000000   0.166666666666666690   0.333333333333333310   -0.333333333333333310   -0.166666666666666690   0.000000000000000000   0.166666666666666690   0.333333333333333310   -0.333333333333333310   -0.166666666666666690   0.000000000000000000   0.166666666666666690   0.333333333333333310   -0.333333333333333310   -0.166666666666666690   0.000000000000000000   0.166666666666666690   0.333333333333333310   -0.333333333333333310   -0.166666666666666690   0.000000000000000000   0.166666666666666690   0.333333333333333310   -0.333333333333333310   -0.166666666666666690   0.000000000000000000   0.166666666666666690   0.333333333333333310   -0.333333333333333310   -0.166666666666666690   0.000000000000000000   0.166666666666666690   0.333333333333333310   -0.333333333333333310   -0.166666666666666690   0.000000000000000000   0.166666666666666690   0.333333333333333310   -0.333333333333333310   -0.166666666666666690   0.000000000000000000   0.166666666666666690   0.333333333333333310   
-0.333333333333333310   -0.333333333333333310   -0.333333333333333310   -0.333333333333333310   -0.333333333333333310   -0.333333333333333310   -0.333333333333333310   -0.333333333333333310   -0.333333333333333310   -0.333333333333333310   -0.333333333333333310   -0.333333333333333310   -0.333333333333333310   -0.333333333333333310   -0.333333333333333310   -0.333333333333333310   -0.333333333333333310   -0.333333333333333310   -0.333333333333333310   -0.333333333333333310   -0.333333333333333310   -0.333333333333333310   -0.333333333333333310   -0.333333333333333310   -0.333333333333333310   -0.166666666666666690   -0.166666666666666690   -0.166666666666666690   -0.166666666666666690   -0.166666666666666690   -0.166666666666666690   -0.166666666666666690   -0.166666666666666690   -0.166666666666666690   -0.166666666666666690   -0.166666666666666690   -0.166666666666666690   -0.166666666666666690   -0.166666666666666690   -0.166666666666666690   -0.166666666666666690   -0.166666666666666690   -0.166666666666666690   -0.166666666666666690   -0.166666666666666690   -0.166666666666666690   -0.166666666666666690   -0.166666666666666690   -0.166666666666666690   -0.166666666666666690   0.000000000000000000   0.000000000000000000   0.000000000000000000   0.000000000000000000   0.000000000000000000   0.000000000000000000   0.000000000000000000   0.000000000000000000   0.000000000000000000   0.000000000000000000   0.000000000000000000   0.000000000000000000   0.000000000000000000   0.000000000000000000   0.000000000000000000   0.000000000000000000   0.000000000000000000   0.000000000000000000   0.000000000000000000   0.000000000000000000   0.000000000000000000   0.000000000000000000   0.000000000000000000   0.000000000000000000   0.000000000000000000   0.166666666666666690   0.166666666666666690   0.166666666666666690   0.166666666666666690   0.166666666666666690   0.166666666666666690   0.166666666666666690   0.166666666666666690   0.166666666666666690   0.166666666666666690   0.166666666666666690   0.166666666666666690   0.166666666666666690   0.166666666666666690   0.166666666666666690   0.166666666666666690   0.166666666666666690   0.166666666666666690   0.166666666666666690   0.166666666666666690   0.166666666666666690   0.166666666666666690   0.166666666666666690   0.166666666666666690   0.166666666666666690   0.333333333333333310   0.333333333333333310   0.333333333333333310   0.333333333333333310   0.333333333333333310   0.333333333333333310   0.333333333333333310   0.333333333333333310   0.333333333333333310   0.333333333333333310   0.333333333333333310   0.333333333333333310   0.333333333333333310   0.333333333333333310   0.333333333333333310   0.333333333333333310   0.333333333333333310   0.333333333333333310   0.333333333333333310   0.333333333333333310   0.333333333333333310   0.333333333333333310   0.333333333333333310   0.333333333333333310   0.333333333333333310   
1.000000000000000000   1.000000000000000000   1.000000000000000000   1.000000000000000000   1.000000000000000000   1.000000000000000000   1.000000000000000000   1.000000000000000000   1.000000000000000000   1.000000000000000000   1.000000000000000000   1.000000000000000000   1.000000000000000000   1.000000000000000000   1.000000000000000000   1.000000000000000000   1.000000000000000000   1.000000000000000000   1.000000000000000000   1.000000000000000000   1.000000000000000000   1.000000000000000000   1.000000000000000000   1.000000000000000000   1.000000000000000000   1.000000000000000000   1.000000000000000000   1.000000000000000000   1.000000000000000000   1.000000000000000000   1.000000000000000000   1.000000000000000000   1.000000000000000000   1.000000000000000000   1.000000000000000000   1.000000000000000000   1.000000000000000000   1.000000000000000000   1.000000000000000000   1.000000000000000000   1.000000000000000000   1.000000000000000000   1.000000000000000000   1.000000000000000000   1.000000000000000000   1.000000000000000000   1.000000000000000000   1.000000000000000000   1.000000000000000000   1.000000000000000000   1.000000000000000000   1.000000000000000000   1.000000000000000000   1.000000000000000000   1.000000000000000000   1.000000000000000000   1.000000000000000000   1.000000000000000000   1.000000000000000000   1.000000000000000000   1.000000000000000000   1.000000000000000000   1.000000000000000000   1.000000000000000000   1.000000000000000000   1.000000000000000000   1.000000000000000000   1.000000000000000000   1.000000000000000000   1.000000000000000000   1.000000000000000000   1.000000000000000000   1.000000000000000000   1.000000000000000000   1.000000000000000000   1.000000000000000000   1.000000000000000000   1.000000000000000000   1.000000000000000000   1.000000000000000000   1.000000000000000000   1.000000000000000000   1.000000000000000000   1.000000000000000000   1.000000000000000000   1.000000000000000000   1.000000000000000000   1.000000000000000000   1.000000000000000000   1.000000000000000000   1.000000000000000000   1.000000000000000000   1.000000000000000000   1.000000000000000000   1.000000000000000000   1.000000000000000000   1.000000000000000000   1.000000000000000000   1.000000000000000000   1.000000000000000000   1.000000000000000000   1.000000000000000000   1.000000000000000000   1.000000000000000000   1.000000000000000000   1.000000000000000000   1.000000000000000000   1.000000000000000000   1.000000000000000000   1.000000000000000000   1.000000000000000000   1.000000000000000000   1.000000000000000000   1.000000000000000000   1.000000000000000000   1.000000000000000000   1.000000000000000000   1.000000000000000000   1.000000000000000000   1.000000000000000000   1.000000000000000000   1.000000000000000000   1.000000000000000000   1.000000000000000000   1.000000000000000000   
PATCH 2
   4   4   4
   5   5   5
0.0000000000   0.0000000000   0.0000000000   0.0000000000   0.0000000000   1.0000000000   1.0000000000   1.0000000000   1.0000000000   1.0000000000   
0.0000000000   0.0000000000   0.0000000000   0.0000000000   0.0000000000   1.0000000000   1.0000000000   1.0000000000   1.0000000000   1.0000000000   
0.0000000000   0.0000000000   0.0000000000   0.0000000000   0.0000000000   1.0000000000   1.0000000000   1.0000000000   1.0000000000   1.0000000000   
-0.333333333333333310   -0.394337567297406430   -0.455341801261479500   -0.516346035225552560   -0.577350269189625620   -0.166666666666666690   -0.194709691978150660   -0.222752717289634670   -0.250795742601118640   -0.278838767912602650   0.000000000000000000   0.000000000000000000   0.000000000000000000   0.000000000000000000   0.000000000000000000   0.166666666666666690   0.194709691978150660   0.222752717289634670   0.250795742601118640   0.278838767912602650   0.333333333333333310   0.394337567297406430   0.455341801261479500   0.516346035225552560   0.577350269189625620   -0.333333333333333310   -0.408098039626469070   -0.482862745919604870   -0.557627452212740680   -0.632392158505876380   -0.166666666666666690   -0.203772685692615310   -0.240878704718563990   -0.277984723744512660   -0.315090742770461290   0.000000000000000000   0.000000000000000000   0.000000000000000000   0.000000000000000000   0.000000000000000000   0.166666666666666690   0.203772685692615310   0.240878704718563990   0.277984723744512660   0.315090742770461290   0.333333333333333310   0.408098039626469070   0.482862745919604870   0.557627452212740680   0.632392158505876380   -0.333333333333333310   -0.411947972747838680   -0.490562612162343980   -0.569177251576849400   -0.647791890991354700   -0.166666666666666690   -0.207162129091595840   -0.247657591516525030   -0.288153053941454180   -0.328648516366383370   0.000000000000000000   0.000000000000000000   0.000000000000000000   0.000000000000000000   0.000000000000000000   0.166666666666666690   0.207162129091595840   0.247657591516525030   0.288153053941454180   0.328648516366383370   0.333333333333333310   0.411947972747838680   0.490562612162343980   0.569177251576849400   0.647791890991354700   -0.333333333333333310   -0.408098039626469070   -0.482862745919604870   -0.557627452212740680   -0.632392158505876380   -0.166666666666666690   -0.203772685692615310   -0.240878704718563990   -0.277984723744512660   -0.315090742770461290   0.000000000000000000   0.000000000000000000   0.000000000000000000   0.000000000000000000   0.000000000000000000   0.166666666666666690   0.203772685692615310   0.240878704718563990   0.277984723744512660   0.315090742770461290   0.333333333333333310   0.408098039626469070   0.482862745919604870   0.557627452212740680   0.632392158505876380   -0.333333333333333310   -0.394337567297406430   -0.455341801261479500   -0.516346035225552560   -0.577350269189625620   -0.166666666666666690   -0.194709691978150660   -0.222752717289634670   -0.250795742601118640   -0.278838767912602650   0.000000000000000000   0.000000000000000000   0.000000000000000000   0.000000000000000000   0.000000000000000000   0.166666666666666690   0.194709691978150660   0.222752717289634670   0.250795742601118640   0.278838767912602650   0.333333333333333310   0.394337567297406430   0.455341801261479500   0.516346035225552560   0.577350269189625620   
0.333333333333333310   0.394337567297406430   0.455341801261479500   0.516346035225552560   0.577350269189625620   0.333333333333333310   0.408098039626469070   0.482862745919604870   0.557627452212740680   0.632392158505876380   0.333333333333333310   0.411947972747838680   0.490562612162343980   0.569177251576849400   0.647791890991354700   0.333333333333333310   0.408098039626469070   0.482862745919604870   0.557627452212740680   0.632392158505876380   0.333333333333333310   0.394337567297406430   0.455341801261479500   0.516346035225552560   0.577350269189625620   0.333333333333333310   0.408098039626469070   0.482862745919604870   0.557627452212740680   0.632392158505876380   0.333333333333333310   0.440564881604791130   0.547796429876248880   0.655027978147706640   0.762259526419164390   0.333333333333333310   0.451234547143555880   0.569135760953778380   0.687036974764000940   0.804938188574223500   0.333333333333333310   0.440564881604791130   0.547796429876248880   0.655027978147706640   0.762259526419164390   0.333333333333333310   0.408098039626469070   0.482862745919604870   0.557627452212740680   0.632392158505876380   0.333333333333333310   0.411947972747838680   0.490562612162343980   0.569177251576849400   0.647791890991354700   0.333333333333333310   0.451234547143555880   0.569135760953778380   0.687036974764000940   0.804938188574223500   0.333333333333333310   0.464779189099135510   0.596225044864937660   0.727670900630739800   0.859116756396541950   0.333333333333333310   0.451234547143555880   0.569135760953778380   0.687036974764000940   0.804938188574223500   0.333333333333333310   0.411947972747838680   0.490562612162343980   0.569177251576849400   0.647791890991354700   0.333333333333333310   0.408098039626469070   0.482862745919604870   0.557627452212740680   0.632392158505876380   0.333333333333333310   0.440564881604791130   0.547796429876248880   0.655027978147706640   0.762259526419164390   0.333333333333333310   0.451234547143555880   0.569135760953778380   0.687036974764000940   0.804938188574223500   0.333333333333333310   0.440564881604791130   0.547796429876248880   0.655027978147706640   0.762259526419164390   0.333333333333333310   0.408098039626469070   0.482862745919604870   0.557627452212740680   0.632392158505876380   0.333333333333333310   0.394337567297406430   0.455341801261479500   0.516346035225552560   0.577350269189625620   0.333333333333333310   0.408098039626469070   0.482862745919604870   0.557627452212740680   0.632392158505876380   0.333333333333333310   0.411947972747838680   0.490562612162343980   0.569177251576849400   0.647791890991354700   0.333333333333333310   0.408098039626469070   0.482862745919604870   0.557627452212740680   0.632392158505876380   0.333333333333333310   0.394337567297406430   0.455341801261479500   0.516346035225552560   0.577350269189625620   
-0.333333333333333310   -0.394337567297406430   -0.455341801261479500   -0.516346035225552560   -0.577350269189625620   -0.333333333333333310   -0.408098039626469070   -0.482862745919604870   -0.557627452212740680   -0.632392158505876380   -0.333333333333333310   -0.411947972747838680   -0.490562612162343980   -0.569177251576849400   -0.647791890991354700   -0.333333333333333310   -0.408098039626469070   -0.482862745919604870   -0.557627452212740680   -0.632392158505876380   -0.333333333333333310   -0.394337567297406430   -0.455341801261479500   -0.516346035225552560   -0.577350269189625620   -0.166666666666666690   -0.194709691978150690   -0.222752717289634690   -0.250795742601118700   -0.278838767912602700   -0.166666666666666690   -0.203772685692615340   -0.240878704718564010   -0.277984723744512660   -0.315090742770461340   -0.166666666666666690   -0.207162129091595870   -0.247657591516525060   -0.288153053941454240   -0.328648516366383430   -0.166666666666666690   -0.203772685692615340   -0.240878704718564010   -0.277984723744512660   -0.315090742770461340   -0.166666666666666690   -0.194709691978150690   -0.222752717289634690   -0.250795742601118700   -0.278838767912602700   0.000000000000000000   -0.000000000000000010   -0.000000000000000020   -0.000000000000000030   -0.000000000000000040   0.000000000000000000   -0.000000000000000012   -0.000000000000000025   -0.000000000000000037   -0.000000000000000049   0.000000000000000000   -0.000000000000000013   -0.000000000000000026   -0.000000000000000039   -0.000000000000000053   0.000000000000000000   -0.000000000000000012   -0.000000000000000025   -0.000000000000000037   -0.000000000000000049   0.000000000000000000   -0.000000000000000010   -0.000000000000000020   -0.000000000000000030   -0.000000000000000040   0.166666666666666690   0.194709691978150630   0.222752717289634640   0.250795742601118640   0.278838767912602590   0.166666666666666690   0.203772685692615310   0.240878704718563960   0.277984723744512610   0.315090742770461230   0.166666666666666690   0.207162129091595810   0.247657591516525000   0.288153053941454180   0.328648516366383310   0.166666666666666690   0.203772685692615310   0.240878704718563960   0.277984723744512610   0.315090742770461230   0.166666666666666690   0.194709691978150630   0.222752717289634640   0.250795742601118640   0.278838767912602590   0.333333333333333310   0.394337567297406430   0.455341801261479500   0.516346035225552560   0.577350269189625620   0.333333333333333310   0.408098039626469070   0.482862745919604870   0.557627452212740680   0.632392158505876380   0.333333333333333310   0.411947972747838680   0.490562612162343980   0.569177251576849400   0.647791890991354700   0.333333333333333310   0.408098039626469070   0.482862745919604870   0.557627452212740680   0.632392158505876380   0.333333333333333310   0.394337567297406430   0.455341801261479500   0.516346035225552560   0.577350269189625620   
1.000000000000000000   1.000000000000000000   1.000000000000000000   1.000000000000000000   1.000000000000000000   1.000000000000000000   0.972802800902099250   0.945605601804198610   0.918408402706297980   0.891211203608397230   1.000000000000000000   0.964779189099135400   0.929558378198270810   0.894337567297406320   0.859116756396541730   1.000000000000000000   0.972802800902099250   0.945605601804198610   0.918408402706297980   0.891211203608397230   1.000000000000000000   1.000000000000000000   1.000000000000000000   1.000000000000000000   1.000000000000000000   1.000000000000000000   0.972802800902099250   0.945605601804198610   0.918408402706297980   0.891211203608397230   1.000000000000000000   0.940564881604791130   0.881129763209582250   0.821694644814373270   0.762259526419164390   1.000000000000000000   0.929666293385012500   0.859332586770025000   0.788998880155037390   0.718665173540049880   1.000000000000000000   0.940564881604791130   0.881129763209582250   0.821694644814373270   0.762259526419164390   1.000000000000000000   0.972802800902099250   0.945605601804198610   0.918408402706297980   0.891211203608397230   1.000000000000000000   0.964779189099135510   0.929558378198271030   0.894337567297406430   0.859116756396541950   1.000000000000000000   0.929666293385012500   0.859332586770025000   0.788998880155037390   0.718665173540049880   1.000000000000000000   0.917818107897982790   0.835636215795965590   0.753454323693948270   0.671272431591931060   1.000000000000000000   0.929666293385012500   0.859332586770025000   0.788998880155037390   0.718665173540049880   1.000000000000000000   0.964779189099135510   0.929558378198271030   0.894337567297406430   0.859116756396541950   1.000000000000000000   0.972802800902099250   0.945605601804198610   0.918408402706297980   0.891211203608397230   1.000000000000000000   0.940564881604791130   0.881129763209582250   0.821694644814373270   0.762259526419164390   1.000000000000000000   0.929666293385012500   0.859332586770025000   0.788998880155037390   0.718665173540049880   1.000000000000000000   0.940564881604791130   0.881129763209582250   0.821694644814373270   0.762259526419164390   1.000000000000000000   0.972802800902099250   0.945605601804198610   0.918408402706297980   0.891211203608397230   1.000000000000000000   1.000000000000000000   1.000000000000000000   1.000000000000000000   1.000000000000000000   1.000000000000000000   0.972802800902099250   0.945605601804198610   0.918408402706297980   0.891211203608397230   1.000000000000000000   0.964779189099135400   0.929558378198270810   0.894337567297406320   0.859116756396541730   1.000000000000000000   0.972802800902099250   0.945605601804198610   0.918408402706297980   0.891211203608397230   1.000000000000000000   1.000000000000000000   1.000000000000000000   1.000000000000000000   1.000000000000000000   
PATCH 3
   4   4   4
   5   5   5
0.0000000000   0.0000000000   0.0000000000   0.0000000000   0.0000000000   1.0000000000   1.0000000000   1.0000000000   1.0000000000   1.0000000000   
0.0000000000   0.0000000000   0.0000000000   0.0000000000   0.0000000000   1.0000000000   1.0000000000   1.0000000000   1.0000000000   1.0000000000   
0.0000000000   0.0000000000   0.0000000000   0.0000000000   0.0000000000   1.0000000000   1.0000000000   1.0000000000   1.0000000000   1.0000000000   
-0.333333333333333310   -0.394337567297406430   -0.455341801261479550   -0.516346035225552560   -0.577350269189625620   -0.333333333333333310   -0.408098039626469070   -0.482862745919604870   -0.557627452212740680   -0.632392158505876380   -0.333333333333333310   -0.411947972747838680   -0.490562612162343980   -0.569177251576849400   -0.647791890991354700   -0.333333333333333310   -0.408098039626469070   -0.482862745919604870   -0.557627452212740680   -0.632392158505876380   -0.333333333333333310   -0.394337567297406430   -0.455341801261479440   -0.516346035225552560   -0.577350269189625620   -0.333333333333333310   -0.408098039626469070   -0.482862745919604930   -0.557627452212740680   -0.632392158505876380   -0.333333333333333310   -0.440564881604791130   -0.547796429876248880   -0.655027978147706640   -0.762259526419164390   -0.333333333333333310   -0.451234547143555880   -0.569135760953778380   -0.687036974764000940   -0.804938188574223500   -0.333333333333333310   -0.440564881604791130   -0.547796429876248880   -0.655027978147706640   -0.762259526419164390   -0.333333333333333310   -0.408098039626469070   -0.482862745919604820   -0.557627452212740680   -0.632392158505876380   -0.333333333333333310   -0.411947972747838680   -0.490562612162344040   -0.569177251576849400   -0.647791890991354700   -0.333333333333333310   -0.451234547143555880   -0.569135760953778380   -0.687036974764000940   -0.804938188574223500   -0.333333333333333310   -0.464779189099135510   -0.596225044864937660   -0.727670900630739800   -0.859116756396541950   -0.333333333333333310   -0.451234547143555880   -0.569135760953778380   -0.687036974764000940   -0.804938188574223500   -0.333333333333333310   -0.411947972747838680   -0.490562612162343930   -0.569177251576849400   -0.647791890991354700   -0.333333333333333310   -0.408098039626469070   -0.482862745919604930   -0.557627452212740680   -0.632392158505876380   -0.333333333333333310   -0.440564881604791130   -0.547796429876248880   -0.655027978147706640   -0.762259526419164390   -0.333333333333333310   -0.451234547143555880   -0.569135760953778380   -0.687036974764000940   -0.804938188574223500   -0.333333333333333310   -0.440564881604791130   -0.547796429876248880   -0.655027978147706640   -0.762259526419164390   -0.333333333333333310   -0.408098039626469070   -0.482862745919604820   -0.557627452212740680   -0.632392158505876380   -0.333333333333333310   -0.394337567297406430   -0.455341801261479550   -0.516346035225552560   -0.577350269189625620   -0.333333333333333310   -0.408098039626469070   -0.482862745919604870   -0.557627452212740680   -0.632392158505876380   -0.333333333333333310   -0.411947972747838680   -0.490562612162343980   -0.569177251576849400   -0.647791890991354700   -0.333333333333333310   -0.408098039626469070   -0.482862745919604870   -0.557627452212740680   -0.632392158505876380   -0.333333333333333310   -0.394337567297406430   -0.455341801261479440   -0.516346035225552560   -0.577350269189625620   
-0.333333333333333310   -0.394337567297406430   -0.455341801261479440   -0.516346035225552560   -0.577350269189625620   -0.166666666666666660   -0.194709691978150630   -0.222752717289634640   -0.250795742601118590   -0.278838767912602590   0.000000000000000020   0.000000000000000025   0.000000000000000030   0.000000000000000035   0.000000000000000040   0.166666666666666710   0.194709691978150690   0.222752717289634690   0.250795742601118700   0.278838767912602700   0.333333333333333310   0.394337567297406430   0.455341801261479550   0.516346035225552560   0.577350269189625620   -0.333333333333333310   -0.408098039626469070   -0.482862745919604820   -0.557627452212740680   -0.632392158505876380   -0.166666666666666660   -0.203772685692615280   -0.240878704718563960   -0.277984723744512610   -0.315090742770461230   0.000000000000000020   0.000000000000000028   0.000000000000000035   0.000000000000000042   0.000000000000000049   0.166666666666666710   0.203772685692615340   0.240878704718564010   0.277984723744512720   0.315090742770461340   0.333333333333333310   0.408098039626469070   0.482862745919604930   0.557627452212740680   0.632392158505876380   -0.333333333333333310   -0.411947972747838680   -0.490562612162343930   -0.569177251576849400   -0.647791890991354700   -0.166666666666666660   -0.207162129091595810   -0.247657591516525000   -0.288153053941454130   -0.328648516366383310   0.000000000000000020   0.000000000000000028   0.000000000000000037   0.000000000000000045   0.000000000000000053   0.166666666666666710   0.207162129091595870   0.247657591516525060   0.288153053941454240   0.328648516366383430   0.333333333333333310   0.411947972747838680   0.490562612162344040   0.569177251576849400   0.647791890991354700   -0.333333333333333310   -0.408098039626469070   -0.482862745919604820   -0.557627452212740680   -0.632392158505876380   -0.166666666666666660   -0.203772685692615280   -0.240878704718563960   -0.277984723744512610   -0.315090742770461230   0.000000000000000020   0.000000000000000028   0.000000000000000035   0.000000000000000042   0.000000000000000049   0.166666666666666710   0.203772685692615340   0.240878704718564010   0.277984723744512720   0.315090742770461340   0.333333333333333310   0.408098039626469070   0.482862745919604930   0.557627452212740680   0.632392158505876380   -0.333333333333333310   -0.394337567297406430   -0.455341801261479440   -0.516346035225552560   -0.577350269189625620   -0.166666666666666660   -0.194709691978150630   -0.222752717289634640   -0.250795742601118590   -0.278838767912602590   0.000000000000000020   0.000000000000000025   0.000000000000000030   0.000000000000000035   0.000000000000000040   0.166666666666666710   0.194709691978150690   0.222752717289634690   0.250795742601118700   0.278838767912602700   0.333333333333333310   0.394337567297406430   0.455341801261479550   0.516346035225552560   0.577350269189625620   
-0.333333333333333310   -0.394337567297406430   -0.455341801261479500   -0.516346035225552560   -0.577350269189625620   -0.333333333333333310   -0.408098039626469070   -0.482862745919604870   -0.557627452212740680   -0.632392158505876380   -0.333333333333333310   -0.411947972747838680   -0.490562612162343980   -0.569177251576849400   -0.647791890991354700   -0.333333333333333310   -0.408098039626469070   -0.482862745919604870   -0.557627452212740680   -0.632392158505876380   -0.333333333333333310   -0.394337567297406430   -0.455341801261479500   -0.516346035225552560   -0.577350269189625620   -0.166666666666666690   -0.194709691978150690   -0.222752717289634690   -0.250795742601118700   -0.278838767912602700   -0.166666666666666690   -0.203772685692615340   -0.240878704718564010   -0.277984723744512660   -0.315090742770461340   -0.166666666666666690   -0.207162129091595870   -0.247657591516525060   -0.288153053941454240   -0.328648516366383430   -0.166666666666666690   -0.203772685692615340   -0.240878704718564010   -0.277984723744512660   -0.315090742770461340   -0.166666666666666690   -0.194709691978150690   -0.222752717289634690   -0.250795742601118700   -0.278838767912602700   0.000000000000000000   -0.000000000000000010   -0.000000000000000020   -0.000000000000000030   -0.000000000000000040   0.000000000000000000   -0.000000000000000012   -0.000000000000000025   -0.000000000000000037   -0.000000000000000049   0.000000000000000000   -0.000000000000000013   -0.000000000000000026   -0.000000000000000039   -0.000000000000000053   0.000000000000000000   -0.000000000000000012   -0.000000000000000025   -0.000000000000000037   -0.000000000000000049   0.000000000000000000   -0.000000000000000010   -0.000000000000000020   -0.000000000000000030   -0.000000000000000040   0.166666666666666690   0.194709691978150630   0.222752717289634640   0.250795742601118640   0.278838767912602590   0.166666666666666690   0.203772685692615310   0.240878704718563960   0.277984723744512610   0.315090742770461230   0.166666666666666690   0.207162129091595810   0.247657591516525000   0.288153053941454180   0.328648516366383310   0.166666666666666690   0.203772685692615310   0.240878704718563960   0.277984723744512610   0.315090742770461230   0.166666666666666690   0.194709691978150630   0.222752717289634640   0.250795742601118640   0.278838767912602590   0.333333333333333310   0.394337567297406430   0.455341801261479500   0.516346035225552560   0.577350269189625620   0.333333333333333310   0.408098039626469070   0.482862745919604870   0.557627452212740680   0.632392158505876380   0.333333333333333310   0.411947972747838680   0.490562612162343980   0.569177251576849400   0.647791890991354700   0.333333333333333310   0.408098039626469070   0.482862745919604870   0.557627452212740680   0.632392158505876380   0.333333333333333310   0.394337567297406430   0.455341801261479500   0.516346035225552560   0.577350269189625620   
1.000000000000000000   1.000000000000000000   1.000000000000000000   1.000000000000000000   1.000000000000000000   1.000000000000000000   0.972802800902099250   0.945605601804198610   0.918408402706297980   0.891211203608397230   1.000000000000000000   0.964779189099135400   0.929558378198270810   0.894337567297406320   0.859116756396541730   1.000000000000000000   0.972802800902099250   0.945605601804198610   0.918408402706297980   0.891211203608397230   1.000000000000000000   1.000000000000000000   1.000000000000000000   1.000000000000000000   1.000000000000000000   1.000000000000000000   0.972802800902099250   0.945605601804198610   0.918408402706297980   0.891211203608397230   1.000000000000000000   0.940564881604791130   0.881129763209582250   0.821694644814373270   0.762259526419164390   1.000000000000000000   0.929666293385012500   0.859332586770025000   0.788998880155037390   0.718665173540049880   1.000000000000000000   0.940564881604791130   0.881129763209582250   0.821694644814373270   0.762259526419164390   1.000000000000000000   0.972802800902099250   0.945605601804198610   0.918408402706297980   0.891211203608397230   1.000000000000000000   0.964779189099135510   0.929558378198271030   0.894337567297406430   0.859116756396541950   1.000000000000000000   0.929666293385012500   0.859332586770025000   0.788998880155037390   0.718665173540049880   1.000000000000000000   0.917818107897982790   0.835636215795965590   0.753454323693948270   0.671272431591931060   1.000000000000000000   0.929666293385012500   0.859332586770025000   0.788998880155037390   0.718665173540049880   1.000000000000000000   0.964779189099135510   0.929558378198271030   0.894337567297406430   0.859116756396541950   1.000000000000000000   0.972802800902099250   0.945605601804198610   0.918408402706297980   0.891211203608397230   1.000000000000000000   0.940564881604791130   0.881129763209582250   0.821694644814373270   0.762259526419164390   1.000000000000000000   0.929666293385012500   0.859332586770025000   0.788998880155037390   0.718665173540049880   1.000000000000000000   0.940564881604791130   0.881129763209582250   0.821694644814373270   0.762259526419164390   1.000000000000000000   0.972802800902099250   0.945605601804198610   0.918408402706297980   0.891211203608397230   1.000000000000000000   1.000000000000000000   1.000000000000000000   1.000000000000000000   1.000000000000000000   1.000000000000000000   0.972802800902099250   0.945605601804198610   0.918408402706297980   0.891211203608397230   1.000000000000000000   0.964779189099135400   0.929558378198270810   0.894337567297406320   0.859116756396541730   1.000000000000000000   0.972802800902099250   0.945605601804198610   0.918408402706297980   0.891211203608397230   1.000000000000000000   1.000000000000000000   1.000000000000000000   1.000000000000000000   1.000000000000000000   
PATCH 4
   4   4   4
   5   5   5
0.0000000000   0.0000000000   0.0000000000   0.0000000000   0.0000000000   1.0000000000   1.0000000000   1.0000000000   1.0000000000   1.0000000000   
0.0000000000   0.0000000000   0.0000000000   0.0000000000   0.0000000000   1.0000000000   1.0000000000   1.0000000000   1.0000000000   1.0000000000   
0.0000000000   0.0000000000   0.0000000000   0.0000000000   0.0000000000   1.0000000000   1.0000000000   1.0000000000   1.0000000000   1.0000000000   
-0.333333333333333310   -0.394337567297406430   -0.455341801261479610   -0.516346035225552560   -0.577350269189625620   -0.166666666666666740   -0.194709691978150720   -0.222752717289634720   -0.250795742601118750   -0.278838767912602760   -0.000000000000000041   -0.000000000000000050   -0.000000000000000060   -0.000000000000000070   -0.000000000000000079   0.166666666666666630   0.194709691978150610   0.222752717289634610   0.250795742601118530   0.278838767912602540   0.333333333333333310   0.394337567297406430   0.455341801261479380   0.516346035225552560   0.577350269189625620   -0.333333333333333310   -0.408098039626469070   -0.482862745919604990   -0.557627452212740680   -0.632392158505876380   -0.166666666666666740   -0.203772685692615360   -0.240878704718564040   -0.277984723744512770   -0.315090742770461400   -0.000000000000000041   -0.000000000000000055   -0.000000000000000070   -0.000000000000000084   -0.000000000000000099   0.166666666666666630   0.203772685692615250   0.240878704718563930   0.277984723744512550   0.315090742770461170   0.333333333333333310   0.408098039626469070   0.482862745919604760   0.557627452212740680   0.632392158505876380   -0.333333333333333310   -0.411947972747838680   -0.490562612162344090   -0.569177251576849400   -0.647791890991354700   -0.166666666666666740   -0.207162129091595900   -0.247657591516525080   -0.288153053941454300   -0.328648516366383480   -0.000000000000000041   -0.000000000000000057   -0.000000000000000073   -0.000000000000000089   -0.000000000000000105   0.166666666666666630   0.207162129091595790   0.247657591516524970   0.288153053941454070   0.328648516366383260   0.333333333333333310   0.411947972747838680   0.490562612162343870   0.569177251576849400   0.647791890991354700   -0.333333333333333310   -0.408098039626469070   -0.482862745919604990   -0.557627452212740680   -0.632392158505876380   -0.166666666666666740   -0.203772685692615360   -0.240878704718564040   -0.277984723744512770   -0.315090742770461400   -0.000000000000000041   -0.000000000000000055   -0.000000000000000070   -0.000000000000000084   -0.000000000000000099   0.166666666666666630   0.203772685692615250   0.240878704718563930   0.277984723744512550   0.315090742770461170   0.333333333333333310   0.408098039626469070   0.482862745919604760   0.557627452212740680   0.632392158505876380   -0.333333333333333310   -0.394337567297406430   -0.455341801261479610   -0.516346035225552560   -0.577350269189625620   -0.166666666666666740   -0.194709691978150720   -0.222752717289634720   -0.250795742601118750   -0.278838767912602760   -0.000000000000000041   -0.000000000000000050   -0.000000000000000060   -0.000000000000000070   -0.000000000000000079   0.166666666666666630   0.194709691978150610   0.222752717289634610   0.250795742601118530   0.278838767912602540   0.333333333333333310   0.394337567297406430   0.455341801261479380   0.516346035225552560   0.577350269189625620   
-0.333333333333333310   -0.394337567297406430   -0.455341801261479380   -0.516346035225552560   -0.577350269189625620   -0.333333333333333310   -0.408098039626469070   -0.482862745919604870   -0.557627452212740680   -0.632392158505876380   -0.333333333333333310   -0.411947972747838680   -0.490562612162343980   -0.569177251576849400   -0.647791890991354700   -0.333333333333333310   -0.408098039626469070   -0.482862745919604870   -0.557627452212740680   -0.632392158505876380   -0.333333333333333310   -0.394337567297406430   -0.455341801261479610   -0.516346035225552560   -0.577350269189625620   -0.333333333333333310   -0.408098039626469070   -0.482862745919604760   -0.557627452212740680   -0.632392158505876380   -0.333333333333333310   -0.440564881604791130   -0.547796429876248880   -0.655027978147706640   -0.762259526419164390   -0.333333333333333310   -0.451234547143555880   -0.569135760953778380   -0.687036974764000940   -0.804938188574223500   -0.333333333333333310   -0.440564881604791130   -0.547796429876248880   -0.655027978147706640   -0.762259526419164390   -0.333333333333333310   -0.408098039626469070   -0.482862745919604990   -0.557627452212740680   -0.632392158505876380   -0.333333333333333310   -0.411947972747838680   -0.490562612162343870   -0.569177251576849400   -0.647791890991354700   -0.333333333333333310   -0.451234547143555880   -0.569135760953778380   -0.687036974764000940   -0.804938188574223500   -0.333333333333333310   -0.464779189099135510   -0.596225044864937660   -0.727670900630739800   -0.859116756396541950   -0.333333333333333310   -0.451234547143555880   -0.569135760953778380   -0.687036974764000940   -0.804938188574223500   -0.333333333333333310   -0.411947972747838680   -0.490562612162344090   -0.569177251576849400   -0.647791890991354700   -0.333333333333333310   -0.408098039626469070   -0.482862745919604760   -0.557627452212740680   -0.632392158505876380   -0.333333333333333310   -0.440564881604791130   -0.547796429876248880   -0.655027978147706640   -0.762259526419164390   -0.333333333333333310   -0.451234547143555880   -0.569135760953778380   -0.687036974764000940   -0.804938188574223500   -0.333333333333333310   -0.440564881604791130   -0.547796429876248880   -0.655027978147706640   -0.762259526419164390   -0.333333333333333310   -0.408098039626469070   -0.482862745919604990   -0.557627452212740680   -0.632392158505876380   -0.333333333333333310   -0.394337567297406430   -0.455341801261479380   -0.516346035225552560   -0.577350269189625620   -0.333333333333333310   -0.408098039626469070   -0.482862745919604870   -0.557627452212740680   -0.632392158505876380   -0.333333333333333310   -0.411947972747838680   -0.490562612162343980   -0.569177251576849400   -0.647791890991354700   -0.333333333333333310   -0.408098039626469070   -0.482862745919604870   -0.557627452212740680   -0.632392158505876380   -0.333333333333333310   -0.394337567297406430   -0.455341801261479610   -0.516346035225552560   -0.577350269189625620   
-0.333333333333333310   -0.394337567297406430   -0.455341801261479500   -0.516346035225552560   -0.577350269189625620   -0.333333333333333310   -0.408098039626469070   -0.482862745919604870   -0.557627452212740680   -0.632392158505876380   -0.333333333333333310   -0.411947972747838680   -0.490562612162343980   -0.569177251576849400   -0.647791890991354700   -0.333333333333333310   -0.408098039626469070   -0.482862745919604870   -0.557627452212740680   -0.632392158505876380   -0.333333333333333310   -0.394337567297406430   -0.455341801261479500   -0.516346035225552560   -0.577350269189625620   -0.166666666666666690   -0.194709691978150690   -0.222752717289634690   -0.250795742601118700   -0.278838767912602700   -0.166666666666666690   -0.203772685692615340   -0.240878704718564010   -0.277984723744512660   -0.315090742770461340   -0.166666666666666690   -0.207162129091595870   -0.247657591516525060   -0.288153053941454240   -0.328648516366383430   -0.166666666666666690   -0.203772685692615340   -0.240878704718564010   -0.277984723744512660   -0.315090742770461340   -0.166666666666666690   -0.194709691978150690   -0.222752717289634690   -0.250795742601118700   -0.278838767912602700   0.000000000000000000   -0.000000000000000010   -0.000000000000000020   -0.000000000000000030   -0.000000000000000040   0.000000000000000000   -0.000000000000000012   -0.000000000000000025   -0.000000000000000037   -0.000000000000000049   0.000000000000000000   -0.000000000000000013   -0.000000000000000026   -0.000000000000000039   -0.000000000000000053   0.000000000000000000   -0.000000000000000012   -0.000000000000000025   -0.000000000000000037   -0.000000000000000049   0.000000000000000000   -0.000000000000000010   -0.000000000000000020   -0.000000000000000030   -0.000000000000000040   0.166666666666666690   0.194709691978150630   0.222752717289634640   0.250795742601118640   0.278838767912602590   0.166666666666666690   0.203772685692615310   0.240878704718563960   0.277984723744512610   0.315090742770461230   0.166666666666666690   0.207162129091595810   0.247657591516525000   0.288153053941454180   0.328648516366383310   0.166666666666666690   0.203772685692615310   0.240878704718563960   0.277984723744512610   0.315090742770461230   0.166666666666666690   0.194709691978150630   0.222752717289634640   0.250795742601118640   0.278838767912602590   0.333333333333333310   0.394337567297406430   0.455341801261479500   0.516346035225552560   0.577350269189625620   0.333333333333333310   0.408098039626469070   0.482862745919604870   0.557627452212740680   0.632392158505876380   0.333333333333333310   0.411947972747838680   0.490562612162343980   0.569177251576849400   0.647791890991354700   0.333333333333333310   0.408098039626469070   0.482862745919604870   0.557627452212740680   0.632392158505876380   0.333333333333333310   0.394337567297406430   0.455341801261479500   0.516346035225552560   0.577350269189625620   
1.000000000000000000   1.000000000000000000   1.000000000000000000   1.000000000000000000   1.000000000000000000   1.000000000000000000   0.972802800902099250   0.945605601804198610   0.918408402706297980   0.891211203608397230   1.000000000000000000   0.964779189099135400   0.929558378198270810   0.894337567297406320   0.859116756396541730   1.000000000000000000   0.972802800902099250   0.945605601804198610   0.918408402706297980   0.891211203608397230   1.000000000000000000   1.000000000000000000   1.000000000000000000   1.000000000000000000   1.000000000000000000   1.000000000000000000   0.972802800902099250   0.945605601804198610   0.918408402706297980   0.891211203608397230   1.000000000000000000   0.940564881604791130   0.881129763209582250   0.821694644814373270   0.762259526419164390   1.000000000000000000   0.929666293385012500   0.859332586770025000   0.788998880155037390   0.718665173540049880   1.000000000000000000   0.940564881604791130   0.881129763209582250   0.821694644814373270   0.762259526419164390   1.000000000000000000   0.972802800902099250   0.945605601804198610   0.918408402706297980   0.891211203608397230   1.000000000000000000   0.964779189099135510   0.929558378198271030   0.894337567297406430   0.859116756396541950   1.000000000000000000   0.929666293385012500   0.859332586770025000   0.788998880155037390   0.718665173540049880   1.000000000000000000   0.917818107897982790   0.835636215795965590   0.753454323693948270   0.671272431591931060   1.000000000000000000   0.929666293385012500   0.859332586770025000   0.788998880155037390   0.718665173540049880   1.000000000000000000   0.964779189099135510   0.929558378198271030   0.894337567297406430   0.859116756396541950   1.000000000000000000   0.972802800902099250   0.945605601804198610   0.918408402706297980   0.891211203608397230   1.000000000000000000   0.940564881604791130   0.881129763209582250   0.821694644814373270   0.762259526419164390   1.000000000000000000   0.929666293385012500   0.859332586770025000   0.788998880155037390   0.718665173540049880   1.000000000000000000   0.940564881604791130   0.881129763209582250   0.821694644814373270   0.762259526419164390   1.000000000000000000   0.972802800902099250   0.945605601804198610   0.918408402706297980   0.891211203608397230   1.000000000000000000   1.000000000000000000   1.000000000000000000   1.000000000000000000   1.000000000000000000   1.000000000000000000   0.972802800902099250   0.945605601804198610   0.918408402706297980   0.891211203608397230   1.000000000000000000   0.964779189099135400   0.929558378198270810   0.894337567297406320   0.859116756396541730   1.000000000000000000   0.972802800902099250   0.945605601804198610   0.918408402706297980   0.891211203608397230   1.000000000000000000   1.000000000000000000   1.000000000000000000   1.000000000000000000   1.000000000000000000   
PATCH 5
   4   4   4
   5   5   5
0.0000000000   0.0000000000   0.0000000000   0.0000000000   0.0000000000   1.0000000000   1.0000000000   1.0000000000   1.0000000000   1.0000000000   
0.0000000000   0.0000000000   0.0000000000   0.0000000000   0.0000000000   1.0000000000   1.0000000000   1.0000000000   1.0000000000   1.0000000000   
0.0000000000   0.0000000000   0.0000000000   0.0000000000   0.0000000000   1.0000000000   1.0000000000   1.0000000000   1.0000000000   1.0000000000   
0.333333333333333310   0.394337567297406430   0.455341801261479330   0.516346035225552560   0.577350269189625620   0.333333333333333310   0.408098039626469070   0.482862745919604870   0.557627452212740680   0.632392158505876380   0.333333333333333310   0.411947972747838680   0.490562612162343980   0.569177251576849400   0.647791890991354700   0.333333333333333310   0.408098039626469070   0.482862745919604870   0.557627452212740680   0.632392158505876380   0.333333333333333310   0.394337567297406430   0.455341801261479660   0.516346035225552560   0.577350269189625620   0.333333333333333310   0.408098039626469070   0.482862745919604710   0.557627452212740680   0.632392158505876380   0.333333333333333310   0.440564881604791130   0.547796429876248880   0.655027978147706640   0.762259526419164390   0.333333333333333310   0.451234547143555880   0.569135760953778380   0.687036974764000940   0.804938188574223500   0.333333333333333310   0.440564881604791130   0.547796429876248880   0.655027978147706640   0.762259526419164390   0.333333333333333310   0.408098039626469070   0.482862745919605040   0.557627452212740680   0.632392158505876380   0.333333333333333310   0.411947972747838680   0.490562612162343810   0.569177251576849400   0.647791890991354700   0.333333333333333310   0.451234547143555880   0.569135760953778380   0.687036974764000940   0.804938188574223500   0.333333333333333310   0.464779189099135510   0.596225044864937660   0.727670900630739800   0.859116756396541950   0.333333333333333310   0.451234547143555880   0.569135760953778380   0.687036974764000940   0.804938188574223500   0.333333333333333310   0.411947972747838680   0.490562612162344150   0.569177251576849400   0.647791890991354700   0.333333333333333310   0.408098039626469070   0.482862745919604710   0.557627452212740680   0.632392158505876380   0.333333333333333310   0.440564881604791130   0.547796429876248880   0.655027978147706640   0.762259526419164390   0.333333333333333310   0.451234547143555880   0.569135760953778380   0.687036974764000940   0.804938188574223500   0.333333333333333310   0.440564881604791130   0.547796429876248880   0.655027978147706640   0.762259526419164390   0.333333333333333310   0.408098039626469070   0.482862745919605040   0.557627452212740680   0.632392158505876380   0.333333333333333310   0.394337567297406430   0.455341801261479330   0.516346035225552560   0.577350269189625620   0.333333333333333310   0.408098039626469070   0.482862745919604870   0.557627452212740680   0.632392158505876380   0.333333333333333310   0.411947972747838680   0.490562612162343980   0.569177251576849400   0.647791890991354700   0.333333333333333310   0.408098039626469070   0.482862745919604870   0.557627452212740680   0.632392158505876380   0.333333333333333310   0.394337567297406430   0.455341801261479660   0.516346035225552560   0.577350269189625620   
-0.333333333333333310   -0.394337567297406430   -0.455341801261479660   -0.516346035225552560   -0.577350269189625620   -0.166666666666666770   -0.194709691978150750   -0.222752717289634750   -0.250795742601118810   -0.278838767912602810   -0.000000000000000061   -0.000000000000000076   -0.000000000000000090   -0.000000000000000105   -0.000000000000000119   0.166666666666666600   0.194709691978150580   0.222752717289634580   0.250795742601118480   0.278838767912602480   0.333333333333333310   0.394337567297406430   0.455341801261479330   0.516346035225552560   0.577350269189625620   -0.333333333333333310   -0.408098039626469070   -0.482862745919605040   -0.557627452212740680   -0.632392158505876380   -0.166666666666666770   -0.203772685692615390   -0.240878704718564070   -0.277984723744512830   -0.315090742770461450   -0.000000000000000061   -0.000000000000000083   -0.000000000000000105   -0.000000000000000126   -0.000000000000000148   0.166666666666666600   0.203772685692615220   0.240878704718563900   0.277984723744512500   0.315090742770461120   0.333333333333333310   0.408098039626469070   0.482862745919604710   0.557627452212740680   0.632392158505876380   -0.333333333333333310   -0.411947972747838680   -0.490562612162344150   -0.569177251576849400   -0.647791890991354700   -0.166666666666666770   -0.207162129091595930   -0.247657591516525110   -0.288153053941454350   -0.328648516366383540   -0.000000000000000061   -0.000000000000000085   -0.000000000000000110   -0.000000000000000134   -0.000000000000000158   0.166666666666666600   0.207162129091595760   0.247657591516524940   0.288153053941454020   0.328648516366383200   0.333333333333333310   0.411947972747838680   0.490562612162343810   0.569177251576849400   0.647791890991354700   -0.333333333333333310   -0.408098039626469070   -0.482862745919605040   -0.557627452212740680   -0.632392158505876380   -0.166666666666666770   -0.203772685692615390   -0.240878704718564070   -0.277984723744512830   -0.315090742770461450   -0.000000000000000061   -0.000000000000000083   -0.000000000000000105   -0.000000000000000126   -0.000000000000000148   0.166666666666666600   0.203772685692615220   0.240878704718563900   0.277984723744512500   0.315090742770461120   0.333333333333333310   0.408098039626469070   0.482862745919604710   0.557627452212740680   0.632392158505876380   -0.333333333333333310   -0.394337567297406430   -0.455341801261479660   -0.516346035225552560   -0.577350269189625620   -0.166666666666666770   -0.194709691978150750   -0.222752717289634750   -0.250795742601118810   -0.278838767912602810   -0.000000000000000061   -0.000000000000000076   -0.000000000000000090   -0.000000000000000105   -0.000000000000000119   0.166666666666666600   0.194709691978150580   0.222752717289634580   0.250795742601118480   0.278838767912602480   0.333333333333333310   0.394337567297406430   0.455341801261479330   0.516346035225552560   0.577350269189625620   
-0.333333333333333310   -0.394337567297406430   -0.455341801261479500   -0.516346035225552560   -0.577350269189625620   -0.333333333333333310   -0.408098039626469070   -0.482862745919604870   -0.557627452212740680   -0.632392158505876380   -0.333333333333333310   -0.411947972747838680   -0.490562612162343980   -0.569177251576849400   -0.647791890991354700   -0.333333333333333310   -0.408098039626469070   -0.482862745919604870   -0.557627452212740680   -0.632392158505876380   -0.333333333333333310   -0.394337567297406430   -0.455341801261479500   -0.516346035225552560   -0.577350269189625620   -0.166666666666666690   -0.194709691978150690   -0.222752717289634690   -0.250795742601118700   -0.278838767912602700   -0.166666666666666690   -0.203772685692615340   -0.240878704718564010   -0.277984723744512660   -0.315090742770461340   -0.166666666666666690   -0.207162129091595870   -0.247657591516525060   -0.288153053941454240   -0.328648516366383430   -0.166666666666666690   -0.203772685692615340   -0.240878704718564010   -0.277984723744512660   -0.315090742770461340   -0.166666666666666690   -0.194709691978150690   -0.222752717289634690   -0.250795742601118700   -0.278838767912602700   0.000000000000000000   -0.000000000000000010   -0.000000000000000020   -0.000000000000000030   -0.000000000000000040   0.000000000000000000   -0.000000000000000012   -0.000000000000000025   -0.000000000000000037   -0.000000000000000049   0.000000000000000000   -0.000000000000000013   -0.000000000000000026   -0.000000000000000039   -0.000000000000000053   0.000000000000000000   -0.000000000000000012   -0.000000000000000025   -0.000000000000000037   -0.000000000000000049   0.000000000000000000   -0.000000000000000010   -0.000000000000000020   -0.000000000000000030   -0.000000000000000040   0.166666666666666690   0.194709691978150630   0.222752717289634640   0.250795742601118640   0.278838767912602590   0.166666666666666690   0.203772685692615310   0.240878704718563960   0.277984723744512610   0.315090742770461230   0.166666666666666690   0.207162129091595810   0.247657591516525000   0.288153053941454180   0.328648516366383310   0.166666666666666690   0.203772685692615310   0.240878704718563960   0.277984723744512610   0.315090742770461230   0.166666666666666690   0.194709691978150630   0.222752717289634640   0.250795742601118640   0.278838767912602590   0.333333333333333310   0.394337567297406430   0.455341801261479500   0.516346035225552560   0.577350269189625620   0.333333333333333310   0.408098039626469070   0.482862745919604870   0.557627452212740680   0.632392158505876380   0.333333333333333310   0.411947972747838680   0.490562612162343980   0.569177251576849400   0.647791890991354700   0.333333333333333310   0.408098039626469070   0.482862745919604870   0.557627452212740680   0.632392158505876380   0.333333333333333310   0.394337567297406430   0.455341801261479500   0.516346035225552560   0.577350269189625620   
1.000000000000000000   1.000000000000000000   1.000000000000000000   1.000000000000000000   1.000000000000000000   1.000000000000000000   0.972802800902099250   0.945605601804198610   0.918408402706297980   0.891211203608397230   1.000000000000000000   0.964779189099135400   0.929558378198270810   0.894337567297406320   0.859116756396541730   1.000000000000000000   0.972802800902099250   0.945605601804198610   0.918408402706297980   0.891211203608397230   1.000000000000000000   1.000000000000000000   1.000000000000000000   1.000000000000000000   1.000000000000000000   1.000000000000000000   0.972802800902099250   0.945605601804198610   0.918408402706297980   0.891211203608397230   1.000000000000000000   0.940564881604791130   0.881129763209582250   0.821694644814373270   0.762259526419164390   1.000000000000000000   0.929666293385012500   0.859332586770025000   0.788998880155037390   0.718665173540049880   1.000000000000000000   0.940564881604791130   0.881129763209582250   0.821694644814373270   0.762259526419164390   1.000000000000000000   0.972802800902099250   0.945605601804198610   0.918408402706297980   0.891211203608397230   1.000000000000000000   0.964779189099135510   0.929558378198271030   0.894337567297406430   0.859116756396541950   1.000000000000000000   0.929666293385012500   0.859332586770025000   0.788998880155037390   0.718665173540049880   1.000000000000000000   0.917818107897982790   0.835636215795965590   0.753454323693948270   0.671272431591931060   1.000000000000000000   0.929666293385012500   0.859332586770025000   0.788998880155037390   0.718665173540049880   1.000000000000000000   0.964779189099135510   0.929558378198271030   0.894337567297406430   0.859116756396541950   1.000000000000000000   0.972802800902099250   0.945605601804198610   0.918408402706297980   0.891211203608397230   1.000000000000000000   0.940564881604791130   0.881129763209582250   0.821694644814373270   0.762259526419164390   1.000000000000000000   0.929666293385012500   0.859332586770025000   0.788998880155037390   0.718665173540049880   1.000000000000000000   0.940564881604791130   0.881129763209582250   0.821694644814373270   0.762259526419164390   1.000000000000000000   0.972802800902099250   0.945605601804198610   0.918408402706297980   0.891211203608397230   1.000000000000000000   1.000000000000000000   1.000000000000000000   1.000000000000000000   1.000000000000000000   1.000000000000000000   0.972802800902099250   0.945605601804198610   0.918408402706297980   0.891211203608397230   1.000000000000000000   0.964779189099135400   0.929558378198270810   0.894337567297406320   0.859116756396541730   1.000000000000000000   0.972802800902099250   0.945605601804198610   0.918408402706297980   0.891211203608397230   1.000000000000000000   1.000000000000000000   1.000000000000000000   1.000000000000000000   1.000000000000000000   
PATCH 6
   4   4   4
   5   5   5
0.0000000000   0.0000000000   0.0000000000   0.0000000000   0.0000000000   1.0000000000   1.0000000000   1.0000000000   1.0000000000   1.0000000000   
0.0000000000   0.0000000000   0.0000000000   0.0000000000   0.0000000000   1.0000000000   1.0000000000   1.0000000000   1.0000000000   1.0000000000   
0.0000000000   0.0000000000   0.0000000000   0.0000000000   0.0000000000   1.0000000000   1.0000000000   1.0000000000   1.0000000000   1.0000000000   
-0.333333333333333310   -0.394337567297406430   -0.455341801261479500   -0.516346035225552560   -0.577350269189625620   -0.166666666666666690   -0.194709691978150660   -0.222752717289634670   -0.250795742601118640   -0.278838767912602650   0.000000000000000000   0.000000000000000000   0.000000000000000000   0.000000000000000000   0.000000000000000000   0.166666666666666690   0.194709691978150660   0.222752717289634670   0.250795742601118640   0.278838767912602650   0.333333333333333310   0.394337567297406430   0.455341801261479500   0.516346035225552560   0.577350269189625620   -0.333333333333333310   -0.408098039626469070   -0.482862745919604870   -0.557627452212740680   -0.632392158505876380   -0.166666666666666690   -0.203772685692615310   -0.240878704718563990   -0.277984723744512660   -0.315090742770461290   0.000000000000000000   0.000000000000000000   0.000000000000000000   0.000000000000000000   0.000000000000000000   0.166666666666666690   0.203772685692615310   0.240878704718563990   0.277984723744512660   0.315090742770461290   0.333333333333333310   0.408098039626469070   0.482862745919604870   0.557627452212740680   0.632392158505876380   -0.333333333333333310   -0.411947972747838680   -0.490562612162343980   -0.569177251576849400   -0.647791890991354700   -0.166666666666666690   -0.207162129091595840   -0.247657591516525030   -0.288153053941454180   -0.328648516366383370   0.000000000000000000   0.000000000000000000   0.000000000000000000   0.000000000000000000   0.000000000000000000   0.166666666666666690   0.207162129091595840   0.247657591516525030   0.288153053941454180   0.328648516366383370   0.333333333333333310   0.411947972747838680   0.490562612162343980   0.569177251576849400   0.647791890991354700   -0.333333333333333310   -0.408098039626469070   -0.482862745919604870   -0.557627452212740680   -0.632392158505876380   -0.166666666666666690   -0.203772685692615310   -0.240878704718563990   -0.277984723744512660   -0.315090742770461290   0.000000000000000000   0.000000000000000000   0.000000000000000000   0.000000000000000000   0.000000000000000000   0.166666666666666690   0.203772685692615310   0.240878704718563990   0.277984723744512660   0.315090742770461290   0.333333333333333310   0.408098039626469070   0.482862745919604870   0.557627452212740680   0.632392158505876380   -0.333333333333333310   -0.394337567297406430   -0.455341801261479500   -0.516346035225552560   -0.577350269189625620   -0.166666666666666690   -0.194709691978150660   -0.222752717289634670   -0.250795742601118640   -0.278838767912602650   0.000000000000000000   0.000000000000000000   0.000000000000000000   0.000000000000000000   0.000000000000000000   0.166666666666666690   0.194709691978150660   0.222752717289634670   0.250795742601118640   0.278838767912602650   0.333333333333333310   0.394337567297406430   0.455341801261479500   0.516346035225552560   0.577350269189625620   
-0.333333333333333310   -0.394337567297406430   -0.455341801261479440   -0.516346035225552560   -0.577350269189625620   -0.333333333333333310   -0.408098039626469070   -0.482862745919604820   -0.557627452212740680   -0.632392158505876380   -0.333333333333333310   -0.411947972747838680   -0.490562612162343930   -0.569177251576849400   -0.647791890991354700   -0.333333333333333310   -0.408098039626469070   -0.482862745919604820   -0.557627452212740680   -0.632392158505876380   -0.333333333333333310   -0.394337567297406430   -0.455341801261479440   -0.516346035225552560   -0.577350269189625620   -0.166666666666666660   -0.194709691978150610   -0.222752717289634610   -0.250795742601118590   -0.278838767912602540   -0.166666666666666660   -0.203772685692615280   -0.240878704718563930   -0.277984723744512550   -0.315090742770461170   -0.166666666666666660   -0.207162129091595790   -0.247657591516524970   -0.288153053941454130   -0.328648516366383260   -0.166666666666666660   -0.203772685692615280   -0.240878704718563930   -0.277984723744512550   -0.315090742770461170   -0.166666666666666660   -0.194709691978150610   -0.222752717289634610   -0.250795742601118590   -0.278838767912602540   0.000000000000000020   0.000000000000000035   0.000000000000000050   0.000000000000000065   0.000000000000000079   0.000000000000000020   0.000000000000000040   0.000000000000000059   0.000000000000000079   0.000000000000000099   0.000000000000000020   0.000000000000000042   0.000000000000000063   0.000000000000000084   0.000000000000000105   0.000000000000000020   0.000000000000000040   0.000000000000000059   0.000000000000000079   0.000000000000000099   0.000000000000000020   0.000000000000000035   0.000000000000000050   0.000000000000000065   0.000000000000000079   0.166666666666666710   0.194709691978150720   0.222752717289634720   0.250795742601118750   0.278838767912602760   0.166666666666666710   0.203772685692615360   0.240878704718564040   0.277984723744512720   0.315090742770461400   0.166666666666666710   0.207162129091595900   0.247657591516525080   0.288153053941454300   0.328648516366383480   0.166666666666666710   0.203772685692615360   0.240878704718564040   0.277984723744512720   0.315090742770461400   0.166666666666666710   0.194709691978150720   0.222752717289634720   0.250795742601118750   0.278838767912602760   0.333333333333333310   0.394337567297406430   0.455341801261479550   0.516346035225552560   0.577350269189625620   0.333333333333333310   0.408098039626469070   0.482862745919604930   0.557627452212740680   0.632392158505876380   0.333333333333333310   0.411947972747838680   0.490562612162344040   0.569177251576849400   0.647791890991354700   0.333333333333333310   0.408098039626469070   0.482862745919604930   0.557627452212740680   0.632392158505876380   0.333333333333333310   0.394337567297406430   0.455341801261479550   0.516346035225552560   0.577350269189625620   
0.333333333333333310   0.394337567297406430   0.455341801261479550   0.516346035225552560   0.577350269189625620   0.333333333333333310   0.408098039626469070   0.482862745919604930   0.557627452212740680   0.632392158505876380   0.333333333333333310   0.411947972747838680   0.490562612162344040   0.569177251576849400   0.647791890991354700   0.333333333333333310   0.408098039626469070   0.482862745919604930   0.557627452212740680   0.632392158505876380   0.333333333333333310   0.394337567297406430   0.455341801261479550   0.516346035225552560   0.577350269189625620   0.333333333333333310   0.408098039626469070   0.482862745919604870   0.557627452212740680   0.632392158505876380   0.333333333333333310   0.440564881604791130   0.547796429876248880   0.655027978147706640   0.762259526419164390   0.333333333333333310   0.451234547143555880   0.569135760953778380   0.687036974764000940   0.804938188574223500   0.333333333333333310   0.440564881604791130   0.547796429876248880   0.655027978147706640   0.762259526419164390   0.333333333333333310   0.408098039626469070   0.482862745919604870   0.557627452212740680   0.632392158505876380   0.333333333333333310   0.411947972747838680   0.490562612162343980   0.569177251576849400   0.647791890991354700   0.333333333333333310   0.451234547143555880   0.569135760953778380   0.687036974764000940   0.804938188574223500   0.333333333333333310   0.464779189099135510   0.596225044864937660   0.727670900630739800   0.859116756396541950   0.333333333333333310   0.451234547143555880   0.569135760953778380   0.687036974764000940   0.804938188574223500   0.333333333333333310   0.411947972747838680   0.490562612162343980   0.569177251576849400   0.647791890991354700   0.333333333333333310   0.408098039626469070   0.482862745919604870   0.557627452212740680   0.632392158505876380   0.333333333333333310   0.440564881604791130   0.547796429876248880   0.655027978147706640   0.762259526419164390   0.333333333333333310   0.451234547143555880   0.569135760953778380   0.687036974764000940   0.804938188574223500   0.333333333333333310   0.440564881604791130   0.547796429876248880   0.655027978147706640   0.762259526419164390   0.333333333333333310   0.408098039626469070   0.482862745919604870   0.557627452212740680   0.632392158505876380   0.333333333333333310   0.394337567297406430   0.455341801261479440   0.516346035225552560   0.577350269189625620   0.333333333333333310   0.408098039626469070   0.482862745919604820   0.557627452212740680   0.632392158505876380   0.333333333333333310   0.411947972747838680   0.490562612162343930   0.569177251576849400   0.647791890991354700   0.333333333333333310   0.408098039626469070   0.482862745919604820   0.557627452212740680   0.632392158505876380   0.333333333333333310   0.394337567297406430   0.455341801261479440   0.516346035225552560   0.577350269189625620   
1.000000000000000000   1.000000000000000000   1.000000000000000000   1.000000000000000000   1.000000000000000000   1.000000000000000000   0.972802800902099250   0.945605601804198610   0.918408402706297980   0.891211203608397230   1.000000000000000000   0.964779189099135400   0.929558378198270810   0.894337567297406320   0.859116756396541730   1.000000000000000000   0.972802800902099250   0.945605601804198610   0.918408402706297980   0.891211203608397230   1.000000000000000000   1.000000000000000000   1.000000000000000000   1.000000000000000000   1.000000000000000000   1.000000000000000000   0.972802800902099250   0.945605601804198610   0.918408402706297980   0.891211203608397230   1.000000000000000000   0.940564881604791130   0.881129763209582250   0.821694644814373270   0.762259526419164390   1.000000000000000000   0.929666293385012500   0.859332586770025000   0.788998880155037390   0.718665173540049880   1.000000000000000000   0.940564881604791130   0.881129763209582250   0.821694644814373270   0.762259526419164390   1.000000000000000000   0.972802800902099250   0.945605601804198610   0.918408402706297980   0.891211203608397230   1.000000000000000000   0.964779189099135510   0.929558378198271030   0.894337567297406430   0.859116756396541950   1.000000000000000000   0.929666293385012500   0.859332586770025000   0.788998880155037390   0.718665173540049880   1.000000000000000000   0.917818107897982790   0.835636215795965590   0.753454323693948270   0.671272431591931060   1.000000000000000000   0.929666293385012500   0.859332586770025000   0.788998880155037390   0.718665173540049880   1.000000000000000000   0.964779189099135510   0.929558378198271030   0.894337567297406430   0.859116756396541950   1.000000000000000000   0.972802800902099250   0.945605601804198610   0.918408402706297980   0.891211203608397230   1.000000000000000000   0.940564881604791130   0.881129763209582250   0.821694644814373270   0.762259526419164390   1.000000000000000000   0.929666293385012500   0.859332586770025000   0.788998880155037390   0.718665173540049880   1.000000000000000000   0.940564881604791130   0.881129763209582250   0.821694644814373270   0.762259526419164390   1.000000000000000000   0.972802800902099250   0.945605601804198610   0.918408402706297980   0.891211203608397230   1.000000000000000000   1.000000000000000000   1.000000000000000000   1.000000000000000000   1.000000000000000000   1.000000000000000000   0.972802800902099250   0.945605601804198610   0.918408402706297980   0.891211203608397230   1.000000000000000000   0.964779189099135400   0.929558378198270810   0.894337567297406320   0.859116756396541730   1.000000000000000000   0.972802800902099250   0.945605601804198610   0.918408402706297980   0.891211203608397230   1.000000000000000000   1.000000000000000000   1.000000000000000000   1.000000000000000000   1.000000000000000000   
PATCH 7
   4   4   4
   5   5   5
0.0000000000   0.0000000000   0.0000000000   0.0000000000   0.0000000000   1.0000000000   1.0000000000   1.0000000000   1.0000000000   1.0000000000   
0.0000000000   0.0000000000   0.0000000000   0.0000000000   0.0000000000   1.0000000000   1.0000000000   1.0000000000   1.0000000000   1.0000000000   
0.0000000000   0.0000000000   0.0000000000   0.0000000000   0.0000000000   1.0000000000   1.0000000000   1.0000000000   1.0000000000   1.0000000000   
-0.333333333333333310   -0.394337567297406430   -0.455341801261479500   -0.516346035225552560   -0.577350269189625620   -0.166666666666666690   -0.194709691978150660   -0.222752717289634670   -0.250795742601118640   -0.278838767912602650   0.000000000000000000   0.000000000000000000   0.000000000000000000   0.000000000000000000   0.000000000000000000   0.166666666666666690   0.194709691978150660   0.222752717289634670   0.250795742601118640   0.278838767912602650   0.333333333333333310   0.394337567297406430   0.455341801261479500   0.516346035225552560   0.577350269189625620   -0.333333333333333310   -0.408098039626469070   -0.482862745919604870   -0.557627452212740680   -0.632392158505876380   -0.166666666666666690   -0.203772685692615310   -0.240878704718563990   -0.277984723744512660   -0.315090742770461290   0.000000000000000000   0.000000000000000000   0.000000000000000000   0.000000000000000000   0.000000000000000000   0.166666666666666690   0.203772685692615310   0.240878704718563990   0.277984723744512660   0.315090742770461290   0.333333333333333310   0.408098039626469070   0.482862745919604870   0.557627452212740680   0.632392158505876380   -0.333333333333333310   -0.411947972747838680   -0.490562612162343980   -0.569177251576849400   -0.647791890991354700   -0.166666666666666690   -0.207162129091595840   -0.247657591516525030   -0.288153053941454180   -0.328648516366383370   0.000000000000000000   0.000000000000000000   0.000000000000000000   0.000000000000000000   0.000000000000000000   0.166666666666666690   0.207162129091595840   0.247657591516525030   0.288153053941454180   0.328648516366383370   0.333333333333333310   0.411947972747838680   0.490562612162343980   0.569177251576849400   0.647791890991354700   -0.333333333333333310   -0.408098039626469070   -0.482862745919604870   -0.557627452212740680   -0.632392158505876380   -0.166666666666666690   -0.203772685692615310   -0.240878704718563990   -0.277984723744512660   -0.315090742770461290   0.000000000000000000   0.000000000000000000   0.000000000000000000   0.000000000000000000   0.000000000000000000   0.166666666666666690   0.203772685692615310   0.240878704718563990   0.277984723744512660   0.315090742770461290   0.333333333333333310   0.408098039626469070   0.482862745919604870   0.557627452212740680   0.632392158505876380   -0.333333333333333310   -0.394337567297406430   -0.455341801261479500   -0.516346035225552560   -0.577350269189625620   -0.166666666666666690   -0.194709691978150660   -0.222752717289634670   -0.250795742601118640   -0.278838767912602650   0.000000000000000000   0.000000000000000000   0.000000000000000000   0.000000000000000000   0.000000000000000000   0.166666666666666690   0.194709691978150660   0.222752717289634670   0.250795742601118640   0.278838767912602650   0.333333333333333310   0.394337567297406430   0.455341801261479500   0.516346035225552560   0.577350269189625620   
0.333333333333333310   0.394337567297406430   0.455341801261479550   0.516346035225552560   0.577350269189625620   0.333333333333333310   0.408098039626469070   0.482862745919604930   0.557627452212740680   0.632392158505876380   0.333333333333333310   0.411947972747838680   0.490562612162344040   0.569177251576849400   0.647791890991354700   0.333333333333333310   0.408098039626469070   0.482862745919604930   0.557627452212740680   0.632392158505876380   0.333333333333333310   0.394337567297406430   0.455341801261479550   0.516346035225552560   0.577350269189625620   0.166666666666666710   0.194709691978150660   0.222752717289634670   0.250795742601118700   0.278838767912602650   0.166666666666666710   0.203772685692615340   0.240878704718563990   0.277984723744512660   0.315090742770461290   0.166666666666666710   0.207162129091595840   0.247657591516525030   0.288153053941454240   0.328648516366383370   0.166666666666666710   0.203772685692615340   0.240878704718563990   0.277984723744512660   0.315090742770461290   0.166666666666666710   0.194709691978150660   0.222752717289634670   0.250795742601118700   0.278838767912602650   0.000000000000000020   0.000000000000000015   0.000000000000000010   0.000000000000000005   0.000000000000000000   0.000000000000000020   0.000000000000000015   0.000000000000000010   0.000000000000000005   0.000000000000000000   0.000000000000000020   0.000000000000000015   0.000000000000000010   0.000000000000000005   0.000000000000000000   0.000000000000000020   0.000000000000000015   0.000000000000000010   0.000000000000000005   0.000000000000000000   0.000000000000000020   0.000000000000000015   0.000000000000000010   0.000000000000000005   0.000000000000000000   -0.166666666666666660   -0.194709691978150660   -0.222752717289634670   -0.250795742601118640   -0.278838767912602650   -0.166666666666666660   -0.203772685692615310   -0.240878704718563990   -0.277984723744512610   -0.315090742770461290   -0.166666666666666660   -0.207162129091595840   -0.247657591516525030   -0.288153053941454180   -0.328648516366383370   -0.166666666666666660   -0.203772685692615310   -0.240878704718563990   -0.277984723744512610   -0.315090742770461290   -0.166666666666666660   -0.194709691978150660   -0.222752717289634670   -0.250795742601118640   -0.278838767912602650   -0.333333333333333310   -0.394337567297406430   -0.455341801261479440   -0.516346035225552560   -0.577350269189625620   -0.333333333333333310   -0.408098039626469070   -0.482862745919604820   -0.557627452212740680   -0.632392158505876380   -0.333333333333333310   -0.411947972747838680   -0.490562612162343930   -0.569177251576849400   -0.647791890991354700   -0.333333333333333310   -0.408098039626469070   -0.482862745919604820   -0.557627452212740680   -0.632392158505876380   -0.333333333333333310   -0.394337567297406430   -0.455341801261479440   -0.516346035225552560   -0.577350269189625620   
-0.333333333333333310   -0.394337567297406430   -0.455341801261479440   -0.516346035225552560   -0.577350269189625620   -0.333333333333333310   -0.408098039626469070   -0.482862745919604820   -0.557627452212740680   -0.632392158505876380   -0.333333333333333310   -0.411947972747838680   -0.490562612162343930   -0.569177251576849400   -0.647791890991354700   -0.333333333333333310   -0.408098039626469070   -0.482862745919604820   -0.557627452212740680   -0.632392158505876380   -0.333333333333333310   -0.394337567297406430   -0.455341801261479440   -0.516346035225552560   -0.577350269189625620   -0.333333333333333310   -0.408098039626469070   -0.482862745919604870   -0.557627452212740680   -0.632392158505876380   -0.333333333333333310   -0.440564881604791130   -0.547796429876248880   -0.655027978147706640   -0.762259526419164390   -0.333333333333333310   -0.451234547143555880   -0.569135760953778380   -0.687036974764000940   -0.804938188574223500   -0.333333333333333310   -0.440564881604791130   -0.547796429876248880   -0.655027978147706640   -0.762259526419164390   -0.333333333333333310   -0.408098039626469070   -0.482862745919604870   -0.557627452212740680   -0.632392158505876380   -0.333333333333333310   -0.411947972747838680   -0.490562612162343980   -0.569177251576849400   -0.647791890991354700   -0.333333333333333310   -0.451234547143555880   -0.569135760953778380   -0.687036974764000940   -0.804938188574223500   -0.333333333333333310   -0.464779189099135510   -0.596225044864937660   -0.727670900630739800   -0.859116756396541950   -0.333333333333333310   -0.451234547143555880   -0.569135760953778380   -0.687036974764000940   -0.804938188574223500   -0.333333333333333310   -0.411947972747838680   -0.490562612162343980   -0.569177251576849400   -0.647791890991354700   -0.333333333333333310   -0.408098039626469070   -0.482862745919604870   -0.557627452212740680   -0.632392158505876380   -0.333333333333333310   -0.440564881604791130   -0.547796429876248880   -0.655027978147706640   -0.762259526419164390   -0.333333333333333310   -0.451234547143555880   -0.569135760953778380   -0.687036974764000940   -0.804938188574223500   -0.333333333333333310   -0.440564881604791130   -0.547796429876248880   -0.655027978147706640   -0.762259526419164390   -0.333333333333333310   -0.408098039626469070   -0.482862745919604870   -0.557627452212740680   -0.632392158505876380   -0.333333333333333310   -0.394337567297406430   -0.455341801261479550   -0.516346035225552560   -0.577350269189625620   -0.333333333333333310   -0.408098039626469070   -0.482862745919604930   -0.557627452212740680   -0.632392158505876380   -0.333333333333333310   -0.411947972747838680   -0.490562612162344040   -0.569177251576849400   -0.647791890991354700   -0.333333333333333310   -0.408098039626469070   -0.482862745919604930   -0.557627452212740680   -0.632392158505876380   -0.333333333333333310   -0.394337567297406430   -0.455341801261479550   -0.516346035225552560   -0.577350269189625620   
1.000000000000000000   1.000000000000000000   1.000000000000000000   1.000000000000000000   1.000000000000000000   1.000000000000000000   0.972802800902099250   0.945605601804198610   0.918408402706297980   0.891211203608397230   1.000000000000000000   0.964779189099135400   0.929558378198270810   0.894337567297406320   0.859116756396541730   1.000000000000000000   0.972802800902099250   0.945605601804198610   0.918408402706297980   0.891211203608397230   1.000000000000000000   1.000000000000000000   1.000000000000000000   1.000000000000000000   1.000000000000000000   1.000000000000000000   0.972802800902099250   0.945605601804198610   0.918408402706297980   0.891211203608397230   1.000000000000000000   0.940564881604791130   0.881129763209582250   0.821694644814373270   0.762259526419164390   1.000000000000000000   0.929666293385012500   0.859332586770025000   0.788998880155037390   0.718665173540049880   1.000000000000000000   0.940564881604791130   0.881129763209582250   0.821694644814373270   0.762259526419164390   1.000000000000000000   0.972802800902099250   0.945605601804198610   0.918408402706297980   0.891211203608397230   1.000000000000000000   0.964779189099135510   0.929558378198271030   0.894337567297406430   0.859116756396541950   1.000000000000000000   0.929666293385012500   0.859332586770025000   0.788998880155037390   0.718665173540049880   1.000000000000000000   0.917818107897982790   0.835636215795965590   0.753454323693948270   0.671272431591931060   1.000000000000000000   0.929666293385012500   0.859332586770025000   0.788998880155037390   0.718665173540049880   1.000000000000000000   0.964779189099135510   0.929558378198271030   0.894337567297406430   0.859116756396541950   1.000000000000000000   0.972802800902099250   0.945605601804198610   0.918408402706297980   0.891211203608397230   1.000000000000000000   0.940564881604791130   0.881129763209582250   0.821694644814373270   0.762259526419164390   1.000000000000000000   0.929666293385012500   0.859332586770025000   0.788998880155037390   0.718665173540049880   1.000000000000000000   0.940564881604791130   0.881129763209582250   0.821694644814373270   0.762259526419164390   1.000000000000000000   0.972802800902099250   0.945605601804198610   0.918408402706297980   0.891211203608397230   1.000000000000000000   1.000000000000000000   1.000000000000000000   1.000000000000000000   1.000000000000000000   1.000000000000000000   0.972802800902099250   0.945605601804198610   0.918408402706297980   0.891211203608397230   1.000000000000000000   0.964779189099135400   0.929558378198270810   0.894337567297406320   0.859116756396541730   1.000000000000000000   0.972802800902099250   0.945605601804198610   0.918408402706297980   0.891211203608397230   1.000000000000000000   1.000000000000000000   1.000000000000000000   1.000000000000000000   1.000000000000000000   
INTERFACE 1
  1 1
  4 1
  1 1 1
INTERFACE 2
  1 2
  2 1
  1 1 1
INTERFACE 3
  1 3
  3 1
  1 1 1
INTERFACE 4
  1 4
  5 1
  1 1 1
INTERFACE 5
  1 5
  7 1
  -1 -1 1
INTERFACE 6
  1 6
  6 1
  -1 1 1
INTERFACE 7
  2 3
  3 4
  1 1 1
INTERFACE 8
  2 4
  5 4
  1 1 1
INTERFACE 9
  2 5
  7 5
  1 1 1
INTERFACE 10
  2 6
  6 6
  1 1 1
INTERFACE 11
  3 3
  4 3
  1 1 1
INTERFACE 12
  3 5
  7 3
  1 1 -1
INTERFACE 13
  3 6
  6 3
  1 1 1
INTERFACE 14
  4 4
  5 3
  1 1 1
INTERFACE 15
  4 5
  7 6
  1 1 1
INTERFACE 16
  4 6
  6 5
  1 1 1
INTERFACE 17
  5 5
  7 4
  1 1 -1
INTERFACE 18
  5 6
  6 4
  1 1 1
SUBDOMAIN 1
  1 2 3 4 5 6 7
BOUNDARY 1
  6
  2 2
  3 2
  4 2
  5 2
  6 2
  7 2