# nurbs mesh v.0.7
# 
# Thick L-shaped domain, defined with three patches
# The faces adjacent to the reentrant edge have reference numbers 1 and 2
# The other boundary faces have reference number from 3 to 8
# March 29th 2011
#
3 3 2 1
1 1 1
2 2 2
0.00000   0.00000   1.00000   1.00000
0.00000   0.00000   1.00000   1.00000
0.00000   0.00000   1.00000   1.00000
-1.0000   0.00000  -1.00000   0.00000  -1.00000   0.00000  -1.00000   0.00000
-1.0000  -1.00000   0.00000   0.00000  -1.00000  -1.00000   0.00000   0.00000
0.00000   0.00000   0.00000   0.00000   1.00000   1.00000   1.00000   1.00000   
1.00000   1.00000   1.00000   1.00000   1.00000   1.00000   1.00000   1.00000
1 1 1
2 2 2
0.00000   0.00000   1.00000   1.00000
0.00000   0.00000   1.00000   1.00000
0.00000   0.00000   1.00000   1.00000
-1.00000  0.00000  -1.00000   0.00000  -1.00000   0.00000  -1.00000   0.00000
0.00000   0.00000   1.00000   1.00000   0.00000   0.00000   1.00000   1.00000
0.00000   0.00000   0.00000   0.00000   1.00000   1.00000   1.00000   1.00000   
1.00000   1.00000   1.00000   1.00000   1.00000   1.00000   1.00000   1.00000
1 1 1
2 2 2
0.00000   0.00000   1.00000   1.00000
0.00000   0.00000   1.00000   1.00000
0.00000   0.00000   1.00000   1.00000
0.00000   1.00000   0.00000   1.00000   0.00000   1.00000   0.00000   1.00000
0.00000   0.00000   1.00000   1.00000   0.00000   0.00000   1.00000   1.00000
0.00000   0.00000   0.00000   0.00000   1.00000   1.00000   1.00000   1.00000   
1.00000   1.00000   1.00000   1.00000   1.00000   1.00000   1.00000   1.00000
INTERFACE 1
1 4
2 3
1 1 1
INTERFACE 2
2 2
3 1
1 1 1
# The same subdomain is used for all the patches
SUBDOMAIN 1
1 2 3
BOUNDARY 1
1
1 2
BOUNDARY 2
1
3 3
BOUNDARY 3
1
1 3
BOUNDARY 4
1
3 2
BOUNDARY 5
2
1 1
2 1
BOUNDARY 6
2
2 4
3 4
BOUNDARY 7
3
1 5
2 5
3 5
BOUNDARY 8
3
1 6
2 6
3 6
