# nurbs mesh v.2.1
#
# 24-Jun-2015
#
 2 2 1 0 1
PATCH 1 
   2   2
   4   3
0.0000000   0.0000000   0.0000000   0.5000000   1.0000000   1.0000000   1.0000000   
0.0000000   0.0000000   0.0000000   1.0000000   1.0000000   1.0000000   
0.000000000000000   0.666666666666666   1.333333333333333   2.000000000000000   0.000000000000000   0.666666666666666   1.333333333333333   2.000000000000000   0.000000000000000   0.666666666666666   1.333333333333333   2.000000000000000   
0.000000000000000   0.000000000000000   0.000000000000000   0.000000000000000   0.500000000000000   0.500000000000000   0.500000000000000   0.500000000000000   1.000000000000000   1.000000000000000   1.000000000000000   1.000000000000000
1.000000000000000   1.000000000000000   1.000000000000000   1.000000000000000   1.000000000000000   1.000000000000000   1.000000000000000   1.000000000000000   1.000000000000000   1.000000000000000   1.000000000000000   1.000000000000000
SUBDOMAIN 1 
1 
