# nurbs mesh v.2.1
#
# 24-Jun-2015
#
3 3 7 18 1 
PATCH 1 
4 4 4 
5 5 5 
0.0000000   0.0000000   0.0000000   0.0000000   0.0000000   1.0000000   1.0000000   1.0000000   1.0000000   1.0000000   
0.0000000   0.0000000   0.0000000   0.0000000   0.0000000   1.0000000   1.0000000   1.0000000   1.0000000   1.0000000   
0.0000000   0.0000000   0.0000000   0.0000000   0.0000000   1.0000000   1.0000000   1.0000000   1.0000000   1.0000000   
-0.333333333333333   -0.333333333333333   -0.333333333333333   -0.333333333333333   -0.333333333333333   -0.166666666666667   -0.166666666666667   -0.166666666666667   -0.166666666666667   -0.166666666666667   0.000000000000000   0.000000000000000   0.000000000000000   0.000000000000000   0.000000000000000   0.166666666666667   0.166666666666667   0.166666666666667   0.166666666666667   0.166666666666667   0.333333333333333   0.333333333333333   0.333333333333333   0.333333333333333   0.333333333333333   -0.333333333333333   -0.333333333333333   -0.333333333333333   -0.333333333333333   -0.333333333333333   -0.166666666666667   -0.166666666666667   -0.166666666666667   -0.166666666666667   -0.166666666666667   0.000000000000000   0.000000000000000   0.000000000000000   0.000000000000000   0.000000000000000   0.166666666666667   0.166666666666667   0.166666666666667   0.166666666666667   0.166666666666667   0.333333333333333   0.333333333333333   0.333333333333333   0.333333333333333   0.333333333333333   -0.333333333333333   -0.333333333333333   -0.333333333333333   -0.333333333333333   -0.333333333333333   -0.166666666666667   -0.166666666666667   -0.166666666666667   -0.166666666666667   -0.166666666666667   0.000000000000000   0.000000000000000   0.000000000000000   0.000000000000000   0.000000000000000   0.166666666666667   0.166666666666667   0.166666666666667   0.166666666666667   0.166666666666667   0.333333333333333   0.333333333333333   0.333333333333333   0.333333333333333   0.333333333333333   -0.333333333333333   -0.333333333333333   -0.333333333333333   -0.333333333333333   -0.333333333333333   -0.166666666666667   -0.166666666666667   -0.166666666666667   -0.166666666666667   -0.166666666666667   0.000000000000000   0.000000000000000   0.000000000000000   0.000000000000000   0.000000000000000   0.166666666666667   0.166666666666667   0.166666666666667   0.166666666666667   0.166666666666667   0.333333333333333   0.333333333333333   0.333333333333333   0.333333333333333   0.333333333333333   -0.333333333333333   -0.333333333333333   -0.333333333333333   -0.333333333333333   -0.333333333333333   -0.166666666666667   -0.166666666666667   -0.166666666666667   -0.166666666666667   -0.166666666666667   0.000000000000000   0.000000000000000   0.000000000000000   0.000000000000000   0.000000000000000   0.166666666666667   0.166666666666667   0.166666666666667   0.166666666666667   0.166666666666667   0.333333333333333   0.333333333333333   0.333333333333333   0.333333333333333   0.333333333333333   
-0.333333333333333   -0.166666666666667   0.000000000000000   0.166666666666667   0.333333333333333   -0.333333333333333   -0.166666666666667   0.000000000000000   0.166666666666667   0.333333333333333   -0.333333333333333   -0.166666666666667   0.000000000000000   0.166666666666667   0.333333333333333   -0.333333333333333   -0.166666666666667   0.000000000000000   0.166666666666667   0.333333333333333   -0.333333333333333   -0.166666666666667   0.000000000000000   0.166666666666667   0.333333333333333   -0.333333333333333   -0.166666666666667   0.000000000000000   0.166666666666667   0.333333333333333   -0.333333333333333   -0.166666666666667   0.000000000000000   0.166666666666667   0.333333333333333   -0.333333333333333   -0.166666666666667   0.000000000000000   0.166666666666667   0.333333333333333   -0.333333333333333   -0.166666666666667   0.000000000000000   0.166666666666667   0.333333333333333   -0.333333333333333   -0.166666666666667   0.000000000000000   0.166666666666667   0.333333333333333   -0.333333333333333   -0.166666666666667   0.000000000000000   0.166666666666667   0.333333333333333   -0.333333333333333   -0.166666666666667   0.000000000000000   0.166666666666667   0.333333333333333   -0.333333333333333   -0.166666666666667   0.000000000000000   0.166666666666667   0.333333333333333   -0.333333333333333   -0.166666666666667   0.000000000000000   0.166666666666667   0.333333333333333   -0.333333333333333   -0.166666666666667   0.000000000000000   0.166666666666667   0.333333333333333   -0.333333333333333   -0.166666666666667   0.000000000000000   0.166666666666667   0.333333333333333   -0.333333333333333   -0.166666666666667   0.000000000000000   0.166666666666667   0.333333333333333   -0.333333333333333   -0.166666666666667   0.000000000000000   0.166666666666667   0.333333333333333   -0.333333333333333   -0.166666666666667   0.000000000000000   0.166666666666667   0.333333333333333   -0.333333333333333   -0.166666666666667   0.000000000000000   0.166666666666667   0.333333333333333   -0.333333333333333   -0.166666666666667   0.000000000000000   0.166666666666667   0.333333333333333   -0.333333333333333   -0.166666666666667   0.000000000000000   0.166666666666667   0.333333333333333   -0.333333333333333   -0.166666666666667   0.000000000000000   0.166666666666667   0.333333333333333   -0.333333333333333   -0.166666666666667   0.000000000000000   0.166666666666667   0.333333333333333   -0.333333333333333   -0.166666666666667   0.000000000000000   0.166666666666667   0.333333333333333   
-0.333333333333333   -0.333333333333333   -0.333333333333333   -0.333333333333333   -0.333333333333333   -0.333333333333333   -0.333333333333333   -0.333333333333333   -0.333333333333333   -0.333333333333333   -0.333333333333333   -0.333333333333333   -0.333333333333333   -0.333333333333333   -0.333333333333333   -0.333333333333333   -0.333333333333333   -0.333333333333333   -0.333333333333333   -0.333333333333333   -0.333333333333333   -0.333333333333333   -0.333333333333333   -0.333333333333333   -0.333333333333333   -0.166666666666667   -0.166666666666667   -0.166666666666667   -0.166666666666667   -0.166666666666667   -0.166666666666667   -0.166666666666667   -0.166666666666667   -0.166666666666667   -0.166666666666667   -0.166666666666667   -0.166666666666667   -0.166666666666667   -0.166666666666667   -0.166666666666667   -0.166666666666667   -0.166666666666667   -0.166666666666667   -0.166666666666667   -0.166666666666667   -0.166666666666667   -0.166666666666667   -0.166666666666667   -0.166666666666667   -0.166666666666667   0.000000000000000   0.000000000000000   0.000000000000000   0.000000000000000   0.000000000000000   0.000000000000000   0.000000000000000   0.000000000000000   0.000000000000000   0.000000000000000   0.000000000000000   0.000000000000000   0.000000000000000   0.000000000000000   0.000000000000000   0.000000000000000   0.000000000000000   0.000000000000000   0.000000000000000   0.000000000000000   0.000000000000000   0.000000000000000   0.000000000000000   0.000000000000000   0.000000000000000   0.166666666666667   0.166666666666667   0.166666666666667   0.166666666666667   0.166666666666667   0.166666666666667   0.166666666666667   0.166666666666667   0.166666666666667   0.166666666666667   0.166666666666667   0.166666666666667   0.166666666666667   0.166666666666667   0.166666666666667   0.166666666666667   0.166666666666667   0.166666666666667   0.166666666666667   0.166666666666667   0.166666666666667   0.166666666666667   0.166666666666667   0.166666666666667   0.166666666666667   0.333333333333333   0.333333333333333   0.333333333333333   0.333333333333333   0.333333333333333   0.333333333333333   0.333333333333333   0.333333333333333   0.333333333333333   0.333333333333333   0.333333333333333   0.333333333333333   0.333333333333333   0.333333333333333   0.333333333333333   0.333333333333333   0.333333333333333   0.333333333333333   0.333333333333333   0.333333333333333   0.333333333333333   0.333333333333333   0.333333333333333   0.333333333333333   0.333333333333333   
1.000000000000000   1.000000000000000   1.000000000000000   1.000000000000000   1.000000000000000   1.000000000000000   1.000000000000000   1.000000000000000   1.000000000000000   1.000000000000000   1.000000000000000   1.000000000000000   1.000000000000000   1.000000000000000   1.000000000000000   1.000000000000000   1.000000000000000   1.000000000000000   1.000000000000000   1.000000000000000   1.000000000000000   1.000000000000000   1.000000000000000   1.000000000000000   1.000000000000000   1.000000000000000   1.000000000000000   1.000000000000000   1.000000000000000   1.000000000000000   1.000000000000000   1.000000000000000   1.000000000000000   1.000000000000000   1.000000000000000   1.000000000000000   1.000000000000000   1.000000000000000   1.000000000000000   1.000000000000000   1.000000000000000   1.000000000000000   1.000000000000000   1.000000000000000   1.000000000000000   1.000000000000000   1.000000000000000   1.000000000000000   1.000000000000000   1.000000000000000   1.000000000000000   1.000000000000000   1.000000000000000   1.000000000000000   1.000000000000000   1.000000000000000   1.000000000000000   1.000000000000000   1.000000000000000   1.000000000000000   1.000000000000000   1.000000000000000   1.000000000000000   1.000000000000000   1.000000000000000   1.000000000000000   1.000000000000000   1.000000000000000   1.000000000000000   1.000000000000000   1.000000000000000   1.000000000000000   1.000000000000000   1.000000000000000   1.000000000000000   1.000000000000000   1.000000000000000   1.000000000000000   1.000000000000000   1.000000000000000   1.000000000000000   1.000000000000000   1.000000000000000   1.000000000000000   1.000000000000000   1.000000000000000   1.000000000000000   1.000000000000000   1.000000000000000   1.000000000000000   1.000000000000000   1.000000000000000   1.000000000000000   1.000000000000000   1.000000000000000   1.000000000000000   1.000000000000000   1.000000000000000   1.000000000000000   1.000000000000000   1.000000000000000   1.000000000000000   1.000000000000000   1.000000000000000   1.000000000000000   1.000000000000000   1.000000000000000   1.000000000000000   1.000000000000000   1.000000000000000   1.000000000000000   1.000000000000000   1.000000000000000   1.000000000000000   1.000000000000000   1.000000000000000   1.000000000000000   1.000000000000000   1.000000000000000   1.000000000000000   1.000000000000000   1.000000000000000   1.000000000000000   1.000000000000000   1.000000000000000   
PATCH 2 
4 4 4 
5 5 5 
0.0000000   0.0000000   0.0000000   0.0000000   0.0000000   1.0000000   1.0000000   1.0000000   1.0000000   1.0000000   
0.0000000   0.0000000   0.0000000   0.0000000   0.0000000   1.0000000   1.0000000   1.0000000   1.0000000   1.0000000   
0.0000000   0.0000000   0.0000000   0.0000000   0.0000000   1.0000000   1.0000000   1.0000000   1.0000000   1.0000000   
-0.333333333333333   -0.394337567297406   -0.455341801261479   -0.516346035225553   -0.577350269189626   -0.166666666666667   -0.194709691978151   -0.222752717289635   -0.250795742601119   -0.278838767912603   0.000000000000000   0.000000000000000   0.000000000000000   0.000000000000000   0.000000000000000   0.166666666666667   0.194709691978151   0.222752717289635   0.250795742601119   0.278838767912603   0.333333333333333   0.394337567297406   0.455341801261479   0.516346035225553   0.577350269189626   -0.333333333333333   -0.408098039626469   -0.482862745919605   -0.557627452212741   -0.632392158505876   -0.166666666666667   -0.203772685692615   -0.240878704718564   -0.277984723744513   -0.315090742770461   0.000000000000000   0.000000000000000   0.000000000000000   0.000000000000000   0.000000000000000   0.166666666666667   0.203772685692615   0.240878704718564   0.277984723744513   0.315090742770461   0.333333333333333   0.408098039626469   0.482862745919605   0.557627452212741   0.632392158505876   -0.333333333333333   -0.411947972747839   -0.490562612162344   -0.569177251576849   -0.647791890991355   -0.166666666666667   -0.207162129091596   -0.247657591516525   -0.288153053941454   -0.328648516366383   0.000000000000000   0.000000000000000   0.000000000000000   0.000000000000000   0.000000000000000   0.166666666666667   0.207162129091596   0.247657591516525   0.288153053941454   0.328648516366383   0.333333333333333   0.411947972747839   0.490562612162344   0.569177251576849   0.647791890991355   -0.333333333333333   -0.408098039626469   -0.482862745919605   -0.557627452212741   -0.632392158505876   -0.166666666666667   -0.203772685692615   -0.240878704718564   -0.277984723744513   -0.315090742770461   0.000000000000000   0.000000000000000   0.000000000000000   0.000000000000000   0.000000000000000   0.166666666666667   0.203772685692615   0.240878704718564   0.277984723744513   0.315090742770461   0.333333333333333   0.408098039626469   0.482862745919605   0.557627452212741   0.632392158505876   -0.333333333333333   -0.394337567297406   -0.455341801261479   -0.516346035225553   -0.577350269189626   -0.166666666666667   -0.194709691978151   -0.222752717289635   -0.250795742601119   -0.278838767912603   0.000000000000000   0.000000000000000   0.000000000000000   0.000000000000000   0.000000000000000   0.166666666666667   0.194709691978151   0.222752717289635   0.250795742601119   0.278838767912603   0.333333333333333   0.394337567297406   0.455341801261479   0.516346035225553   0.577350269189626   
0.333333333333333   0.394337567297406   0.455341801261479   0.516346035225553   0.577350269189626   0.333333333333333   0.408098039626469   0.482862745919605   0.557627452212741   0.632392158505876   0.333333333333333   0.411947972747839   0.490562612162344   0.569177251576849   0.647791890991355   0.333333333333333   0.408098039626469   0.482862745919605   0.557627452212741   0.632392158505876   0.333333333333333   0.394337567297406   0.455341801261479   0.516346035225553   0.577350269189626   0.333333333333333   0.408098039626469   0.482862745919605   0.557627452212741   0.632392158505876   0.333333333333333   0.440564881604791   0.547796429876249   0.655027978147707   0.762259526419164   0.333333333333333   0.451234547143556   0.569135760953778   0.687036974764001   0.804938188574224   0.333333333333333   0.440564881604791   0.547796429876249   0.655027978147707   0.762259526419164   0.333333333333333   0.408098039626469   0.482862745919605   0.557627452212741   0.632392158505876   0.333333333333333   0.411947972747839   0.490562612162344   0.569177251576849   0.647791890991355   0.333333333333333   0.451234547143556   0.569135760953778   0.687036974764001   0.804938188574224   0.333333333333333   0.464779189099136   0.596225044864938   0.727670900630740   0.859116756396542   0.333333333333333   0.451234547143556   0.569135760953778   0.687036974764001   0.804938188574224   0.333333333333333   0.411947972747839   0.490562612162344   0.569177251576849   0.647791890991355   0.333333333333333   0.408098039626469   0.482862745919605   0.557627452212741   0.632392158505876   0.333333333333333   0.440564881604791   0.547796429876249   0.655027978147707   0.762259526419164   0.333333333333333   0.451234547143556   0.569135760953778   0.687036974764001   0.804938188574224   0.333333333333333   0.440564881604791   0.547796429876249   0.655027978147707   0.762259526419164   0.333333333333333   0.408098039626469   0.482862745919605   0.557627452212741   0.632392158505876   0.333333333333333   0.394337567297406   0.455341801261479   0.516346035225553   0.577350269189626   0.333333333333333   0.408098039626469   0.482862745919605   0.557627452212741   0.632392158505876   0.333333333333333   0.411947972747839   0.490562612162344   0.569177251576849   0.647791890991355   0.333333333333333   0.408098039626469   0.482862745919605   0.557627452212741   0.632392158505876   0.333333333333333   0.394337567297406   0.455341801261479   0.516346035225553   0.577350269189626   
-0.333333333333333   -0.394337567297406   -0.455341801261479   -0.516346035225553   -0.577350269189626   -0.333333333333333   -0.408098039626469   -0.482862745919605   -0.557627452212741   -0.632392158505876   -0.333333333333333   -0.411947972747839   -0.490562612162344   -0.569177251576849   -0.647791890991355   -0.333333333333333   -0.408098039626469   -0.482862745919605   -0.557627452212741   -0.632392158505876   -0.333333333333333   -0.394337567297406   -0.455341801261479   -0.516346035225553   -0.577350269189626   -0.166666666666667   -0.194709691978151   -0.222752717289635   -0.250795742601119   -0.278838767912603   -0.166666666666667   -0.203772685692615   -0.240878704718564   -0.277984723744513   -0.315090742770461   -0.166666666666667   -0.207162129091596   -0.247657591516525   -0.288153053941454   -0.328648516366383   -0.166666666666667   -0.203772685692615   -0.240878704718564   -0.277984723744513   -0.315090742770461   -0.166666666666667   -0.194709691978151   -0.222752717289635   -0.250795742601119   -0.278838767912603   0.000000000000000   -0.000000000000000   -0.000000000000000   -0.000000000000000   -0.000000000000000   0.000000000000000   -0.000000000000000   -0.000000000000000   -0.000000000000000   -0.000000000000000   0.000000000000000   -0.000000000000000   -0.000000000000000   -0.000000000000000   -0.000000000000000   0.000000000000000   -0.000000000000000   -0.000000000000000   -0.000000000000000   -0.000000000000000   0.000000000000000   -0.000000000000000   -0.000000000000000   -0.000000000000000   -0.000000000000000   0.166666666666667   0.194709691978151   0.222752717289635   0.250795742601119   0.278838767912603   0.166666666666667   0.203772685692615   0.240878704718564   0.277984723744513   0.315090742770461   0.166666666666667   0.207162129091596   0.247657591516525   0.288153053941454   0.328648516366383   0.166666666666667   0.203772685692615   0.240878704718564   0.277984723744513   0.315090742770461   0.166666666666667   0.194709691978151   0.222752717289635   0.250795742601119   0.278838767912603   0.333333333333333   0.394337567297406   0.455341801261479   0.516346035225553   0.577350269189626   0.333333333333333   0.408098039626469   0.482862745919605   0.557627452212741   0.632392158505876   0.333333333333333   0.411947972747839   0.490562612162344   0.569177251576849   0.647791890991355   0.333333333333333   0.408098039626469   0.482862745919605   0.557627452212741   0.632392158505876   0.333333333333333   0.394337567297406   0.455341801261479   0.516346035225553   0.577350269189626   
1.000000000000000   1.000000000000000   1.000000000000000   1.000000000000000   1.000000000000000   1.000000000000000   0.972802800902099   0.945605601804199   0.918408402706298   0.891211203608397   1.000000000000000   0.964779189099135   0.929558378198271   0.894337567297406   0.859116756396542   1.000000000000000   0.972802800902099   0.945605601804199   0.918408402706298   0.891211203608397   1.000000000000000   1.000000000000000   1.000000000000000   1.000000000000000   1.000000000000000   1.000000000000000   0.972802800902099   0.945605601804199   0.918408402706298   0.891211203608397   1.000000000000000   0.940564881604791   0.881129763209582   0.821694644814373   0.762259526419164   1.000000000000000   0.929666293385012   0.859332586770025   0.788998880155037   0.718665173540050   1.000000000000000   0.940564881604791   0.881129763209582   0.821694644814373   0.762259526419164   1.000000000000000   0.972802800902099   0.945605601804199   0.918408402706298   0.891211203608397   1.000000000000000   0.964779189099136   0.929558378198271   0.894337567297406   0.859116756396542   1.000000000000000   0.929666293385012   0.859332586770025   0.788998880155037   0.718665173540050   1.000000000000000   0.917818107897983   0.835636215795966   0.753454323693948   0.671272431591931   1.000000000000000   0.929666293385012   0.859332586770025   0.788998880155037   0.718665173540050   1.000000000000000   0.964779189099136   0.929558378198271   0.894337567297406   0.859116756396542   1.000000000000000   0.972802800902099   0.945605601804199   0.918408402706298   0.891211203608397   1.000000000000000   0.940564881604791   0.881129763209582   0.821694644814373   0.762259526419164   1.000000000000000   0.929666293385012   0.859332586770025   0.788998880155037   0.718665173540050   1.000000000000000   0.940564881604791   0.881129763209582   0.821694644814373   0.762259526419164   1.000000000000000   0.972802800902099   0.945605601804199   0.918408402706298   0.891211203608397   1.000000000000000   1.000000000000000   1.000000000000000   1.000000000000000   1.000000000000000   1.000000000000000   0.972802800902099   0.945605601804199   0.918408402706298   0.891211203608397   1.000000000000000   0.964779189099135   0.929558378198271   0.894337567297406   0.859116756396542   1.000000000000000   0.972802800902099   0.945605601804199   0.918408402706298   0.891211203608397   1.000000000000000   1.000000000000000   1.000000000000000   1.000000000000000   1.000000000000000   
PATCH 3 
4 4 4 
5 5 5 
0.0000000   0.0000000   0.0000000   0.0000000   0.0000000   1.0000000   1.0000000   1.0000000   1.0000000   1.0000000   
0.0000000   0.0000000   0.0000000   0.0000000   0.0000000   1.0000000   1.0000000   1.0000000   1.0000000   1.0000000   
0.0000000   0.0000000   0.0000000   0.0000000   0.0000000   1.0000000   1.0000000   1.0000000   1.0000000   1.0000000   
-0.333333333333333   -0.394337567297406   -0.455341801261480   -0.516346035225553   -0.577350269189626   -0.333333333333333   -0.408098039626469   -0.482862745919605   -0.557627452212741   -0.632392158505876   -0.333333333333333   -0.411947972747839   -0.490562612162344   -0.569177251576849   -0.647791890991355   -0.333333333333333   -0.408098039626469   -0.482862745919605   -0.557627452212741   -0.632392158505876   -0.333333333333333   -0.394337567297406   -0.455341801261479   -0.516346035225553   -0.577350269189626   -0.333333333333333   -0.408098039626469   -0.482862745919605   -0.557627452212741   -0.632392158505876   -0.333333333333333   -0.440564881604791   -0.547796429876249   -0.655027978147707   -0.762259526419164   -0.333333333333333   -0.451234547143556   -0.569135760953778   -0.687036974764001   -0.804938188574224   -0.333333333333333   -0.440564881604791   -0.547796429876249   -0.655027978147707   -0.762259526419164   -0.333333333333333   -0.408098039626469   -0.482862745919605   -0.557627452212741   -0.632392158505876   -0.333333333333333   -0.411947972747839   -0.490562612162344   -0.569177251576849   -0.647791890991355   -0.333333333333333   -0.451234547143556   -0.569135760953778   -0.687036974764001   -0.804938188574224   -0.333333333333333   -0.464779189099136   -0.596225044864938   -0.727670900630740   -0.859116756396542   -0.333333333333333   -0.451234547143556   -0.569135760953778   -0.687036974764001   -0.804938188574224   -0.333333333333333   -0.411947972747839   -0.490562612162344   -0.569177251576849   -0.647791890991355   -0.333333333333333   -0.408098039626469   -0.482862745919605   -0.557627452212741   -0.632392158505876   -0.333333333333333   -0.440564881604791   -0.547796429876249   -0.655027978147707   -0.762259526419164   -0.333333333333333   -0.451234547143556   -0.569135760953778   -0.687036974764001   -0.804938188574224   -0.333333333333333   -0.440564881604791   -0.547796429876249   -0.655027978147707   -0.762259526419164   -0.333333333333333   -0.408098039626469   -0.482862745919605   -0.557627452212741   -0.632392158505876   -0.333333333333333   -0.394337567297406   -0.455341801261480   -0.516346035225553   -0.577350269189626   -0.333333333333333   -0.408098039626469   -0.482862745919605   -0.557627452212741   -0.632392158505876   -0.333333333333333   -0.411947972747839   -0.490562612162344   -0.569177251576849   -0.647791890991355   -0.333333333333333   -0.408098039626469   -0.482862745919605   -0.557627452212741   -0.632392158505876   -0.333333333333333   -0.394337567297406   -0.455341801261479   -0.516346035225553   -0.577350269189626   
-0.333333333333333   -0.394337567297406   -0.455341801261479   -0.516346035225553   -0.577350269189626   -0.166666666666667   -0.194709691978151   -0.222752717289635   -0.250795742601119   -0.278838767912603   0.000000000000000   0.000000000000000   0.000000000000000   0.000000000000000   0.000000000000000   0.166666666666667   0.194709691978151   0.222752717289635   0.250795742601119   0.278838767912603   0.333333333333333   0.394337567297406   0.455341801261480   0.516346035225553   0.577350269189626   -0.333333333333333   -0.408098039626469   -0.482862745919605   -0.557627452212741   -0.632392158505876   -0.166666666666667   -0.203772685692615   -0.240878704718564   -0.277984723744513   -0.315090742770461   0.000000000000000   0.000000000000000   0.000000000000000   0.000000000000000   0.000000000000000   0.166666666666667   0.203772685692615   0.240878704718564   0.277984723744513   0.315090742770461   0.333333333333333   0.408098039626469   0.482862745919605   0.557627452212741   0.632392158505876   -0.333333333333333   -0.411947972747839   -0.490562612162344   -0.569177251576849   -0.647791890991355   -0.166666666666667   -0.207162129091596   -0.247657591516525   -0.288153053941454   -0.328648516366383   0.000000000000000   0.000000000000000   0.000000000000000   0.000000000000000   0.000000000000000   0.166666666666667   0.207162129091596   0.247657591516525   0.288153053941454   0.328648516366383   0.333333333333333   0.411947972747839   0.490562612162344   0.569177251576849   0.647791890991355   -0.333333333333333   -0.408098039626469   -0.482862745919605   -0.557627452212741   -0.632392158505876   -0.166666666666667   -0.203772685692615   -0.240878704718564   -0.277984723744513   -0.315090742770461   0.000000000000000   0.000000000000000   0.000000000000000   0.000000000000000   0.000000000000000   0.166666666666667   0.203772685692615   0.240878704718564   0.277984723744513   0.315090742770461   0.333333333333333   0.408098039626469   0.482862745919605   0.557627452212741   0.632392158505876   -0.333333333333333   -0.394337567297406   -0.455341801261479   -0.516346035225553   -0.577350269189626   -0.166666666666667   -0.194709691978151   -0.222752717289635   -0.250795742601119   -0.278838767912603   0.000000000000000   0.000000000000000   0.000000000000000   0.000000000000000   0.000000000000000   0.166666666666667   0.194709691978151   0.222752717289635   0.250795742601119   0.278838767912603   0.333333333333333   0.394337567297406   0.455341801261480   0.516346035225553   0.577350269189626   
-0.333333333333333   -0.394337567297406   -0.455341801261479   -0.516346035225553   -0.577350269189626   -0.333333333333333   -0.408098039626469   -0.482862745919605   -0.557627452212741   -0.632392158505876   -0.333333333333333   -0.411947972747839   -0.490562612162344   -0.569177251576849   -0.647791890991355   -0.333333333333333   -0.408098039626469   -0.482862745919605   -0.557627452212741   -0.632392158505876   -0.333333333333333   -0.394337567297406   -0.455341801261479   -0.516346035225553   -0.577350269189626   -0.166666666666667   -0.194709691978151   -0.222752717289635   -0.250795742601119   -0.278838767912603   -0.166666666666667   -0.203772685692615   -0.240878704718564   -0.277984723744513   -0.315090742770461   -0.166666666666667   -0.207162129091596   -0.247657591516525   -0.288153053941454   -0.328648516366383   -0.166666666666667   -0.203772685692615   -0.240878704718564   -0.277984723744513   -0.315090742770461   -0.166666666666667   -0.194709691978151   -0.222752717289635   -0.250795742601119   -0.278838767912603   0.000000000000000   -0.000000000000000   -0.000000000000000   -0.000000000000000   -0.000000000000000   0.000000000000000   -0.000000000000000   -0.000000000000000   -0.000000000000000   -0.000000000000000   0.000000000000000   -0.000000000000000   -0.000000000000000   -0.000000000000000   -0.000000000000000   0.000000000000000   -0.000000000000000   -0.000000000000000   -0.000000000000000   -0.000000000000000   0.000000000000000   -0.000000000000000   -0.000000000000000   -0.000000000000000   -0.000000000000000   0.166666666666667   0.194709691978151   0.222752717289635   0.250795742601119   0.278838767912603   0.166666666666667   0.203772685692615   0.240878704718564   0.277984723744513   0.315090742770461   0.166666666666667   0.207162129091596   0.247657591516525   0.288153053941454   0.328648516366383   0.166666666666667   0.203772685692615   0.240878704718564   0.277984723744513   0.315090742770461   0.166666666666667   0.194709691978151   0.222752717289635   0.250795742601119   0.278838767912603   0.333333333333333   0.394337567297406   0.455341801261479   0.516346035225553   0.577350269189626   0.333333333333333   0.408098039626469   0.482862745919605   0.557627452212741   0.632392158505876   0.333333333333333   0.411947972747839   0.490562612162344   0.569177251576849   0.647791890991355   0.333333333333333   0.408098039626469   0.482862745919605   0.557627452212741   0.632392158505876   0.333333333333333   0.394337567297406   0.455341801261479   0.516346035225553   0.577350269189626   
1.000000000000000   1.000000000000000   1.000000000000000   1.000000000000000   1.000000000000000   1.000000000000000   0.972802800902099   0.945605601804199   0.918408402706298   0.891211203608397   1.000000000000000   0.964779189099135   0.929558378198271   0.894337567297406   0.859116756396542   1.000000000000000   0.972802800902099   0.945605601804199   0.918408402706298   0.891211203608397   1.000000000000000   1.000000000000000   1.000000000000000   1.000000000000000   1.000000000000000   1.000000000000000   0.972802800902099   0.945605601804199   0.918408402706298   0.891211203608397   1.000000000000000   0.940564881604791   0.881129763209582   0.821694644814373   0.762259526419164   1.000000000000000   0.929666293385012   0.859332586770025   0.788998880155037   0.718665173540050   1.000000000000000   0.940564881604791   0.881129763209582   0.821694644814373   0.762259526419164   1.000000000000000   0.972802800902099   0.945605601804199   0.918408402706298   0.891211203608397   1.000000000000000   0.964779189099136   0.929558378198271   0.894337567297406   0.859116756396542   1.000000000000000   0.929666293385012   0.859332586770025   0.788998880155037   0.718665173540050   1.000000000000000   0.917818107897983   0.835636215795966   0.753454323693948   0.671272431591931   1.000000000000000   0.929666293385012   0.859332586770025   0.788998880155037   0.718665173540050   1.000000000000000   0.964779189099136   0.929558378198271   0.894337567297406   0.859116756396542   1.000000000000000   0.972802800902099   0.945605601804199   0.918408402706298   0.891211203608397   1.000000000000000   0.940564881604791   0.881129763209582   0.821694644814373   0.762259526419164   1.000000000000000   0.929666293385012   0.859332586770025   0.788998880155037   0.718665173540050   1.000000000000000   0.940564881604791   0.881129763209582   0.821694644814373   0.762259526419164   1.000000000000000   0.972802800902099   0.945605601804199   0.918408402706298   0.891211203608397   1.000000000000000   1.000000000000000   1.000000000000000   1.000000000000000   1.000000000000000   1.000000000000000   0.972802800902099   0.945605601804199   0.918408402706298   0.891211203608397   1.000000000000000   0.964779189099135   0.929558378198271   0.894337567297406   0.859116756396542   1.000000000000000   0.972802800902099   0.945605601804199   0.918408402706298   0.891211203608397   1.000000000000000   1.000000000000000   1.000000000000000   1.000000000000000   1.000000000000000   
PATCH 4 
4 4 4 
5 5 5 
0.0000000   0.0000000   0.0000000   0.0000000   0.0000000   1.0000000   1.0000000   1.0000000   1.0000000   1.0000000   
0.0000000   0.0000000   0.0000000   0.0000000   0.0000000   1.0000000   1.0000000   1.0000000   1.0000000   1.0000000   
0.0000000   0.0000000   0.0000000   0.0000000   0.0000000   1.0000000   1.0000000   1.0000000   1.0000000   1.0000000   
-0.333333333333333   -0.394337567297406   -0.455341801261480   -0.516346035225553   -0.577350269189626   -0.166666666666667   -0.194709691978151   -0.222752717289635   -0.250795742601119   -0.278838767912603   -0.000000000000000   -0.000000000000000   -0.000000000000000   -0.000000000000000   -0.000000000000000   0.166666666666667   0.194709691978151   0.222752717289635   0.250795742601119   0.278838767912603   0.333333333333333   0.394337567297406   0.455341801261479   0.516346035225553   0.577350269189626   -0.333333333333333   -0.408098039626469   -0.482862745919605   -0.557627452212741   -0.632392158505876   -0.166666666666667   -0.203772685692615   -0.240878704718564   -0.277984723744513   -0.315090742770461   -0.000000000000000   -0.000000000000000   -0.000000000000000   -0.000000000000000   -0.000000000000000   0.166666666666667   0.203772685692615   0.240878704718564   0.277984723744513   0.315090742770461   0.333333333333333   0.408098039626469   0.482862745919605   0.557627452212741   0.632392158505876   -0.333333333333333   -0.411947972747839   -0.490562612162344   -0.569177251576849   -0.647791890991355   -0.166666666666667   -0.207162129091596   -0.247657591516525   -0.288153053941454   -0.328648516366383   -0.000000000000000   -0.000000000000000   -0.000000000000000   -0.000000000000000   -0.000000000000000   0.166666666666667   0.207162129091596   0.247657591516525   0.288153053941454   0.328648516366383   0.333333333333333   0.411947972747839   0.490562612162344   0.569177251576849   0.647791890991355   -0.333333333333333   -0.408098039626469   -0.482862745919605   -0.557627452212741   -0.632392158505876   -0.166666666666667   -0.203772685692615   -0.240878704718564   -0.277984723744513   -0.315090742770461   -0.000000000000000   -0.000000000000000   -0.000000000000000   -0.000000000000000   -0.000000000000000   0.166666666666667   0.203772685692615   0.240878704718564   0.277984723744513   0.315090742770461   0.333333333333333   0.408098039626469   0.482862745919605   0.557627452212741   0.632392158505876   -0.333333333333333   -0.394337567297406   -0.455341801261480   -0.516346035225553   -0.577350269189626   -0.166666666666667   -0.194709691978151   -0.222752717289635   -0.250795742601119   -0.278838767912603   -0.000000000000000   -0.000000000000000   -0.000000000000000   -0.000000000000000   -0.000000000000000   0.166666666666667   0.194709691978151   0.222752717289635   0.250795742601119   0.278838767912603   0.333333333333333   0.394337567297406   0.455341801261479   0.516346035225553   0.577350269189626   
-0.333333333333333   -0.394337567297406   -0.455341801261479   -0.516346035225553   -0.577350269189626   -0.333333333333333   -0.408098039626469   -0.482862745919605   -0.557627452212741   -0.632392158505876   -0.333333333333333   -0.411947972747839   -0.490562612162344   -0.569177251576849   -0.647791890991355   -0.333333333333333   -0.408098039626469   -0.482862745919605   -0.557627452212741   -0.632392158505876   -0.333333333333333   -0.394337567297406   -0.455341801261480   -0.516346035225553   -0.577350269189626   -0.333333333333333   -0.408098039626469   -0.482862745919605   -0.557627452212741   -0.632392158505876   -0.333333333333333   -0.440564881604791   -0.547796429876249   -0.655027978147707   -0.762259526419164   -0.333333333333333   -0.451234547143556   -0.569135760953778   -0.687036974764001   -0.804938188574224   -0.333333333333333   -0.440564881604791   -0.547796429876249   -0.655027978147707   -0.762259526419164   -0.333333333333333   -0.408098039626469   -0.482862745919605   -0.557627452212741   -0.632392158505876   -0.333333333333333   -0.411947972747839   -0.490562612162344   -0.569177251576849   -0.647791890991355   -0.333333333333333   -0.451234547143556   -0.569135760953778   -0.687036974764001   -0.804938188574224   -0.333333333333333   -0.464779189099136   -0.596225044864938   -0.727670900630740   -0.859116756396542   -0.333333333333333   -0.451234547143556   -0.569135760953778   -0.687036974764001   -0.804938188574224   -0.333333333333333   -0.411947972747839   -0.490562612162344   -0.569177251576849   -0.647791890991355   -0.333333333333333   -0.408098039626469   -0.482862745919605   -0.557627452212741   -0.632392158505876   -0.333333333333333   -0.440564881604791   -0.547796429876249   -0.655027978147707   -0.762259526419164   -0.333333333333333   -0.451234547143556   -0.569135760953778   -0.687036974764001   -0.804938188574224   -0.333333333333333   -0.440564881604791   -0.547796429876249   -0.655027978147707   -0.762259526419164   -0.333333333333333   -0.408098039626469   -0.482862745919605   -0.557627452212741   -0.632392158505876   -0.333333333333333   -0.394337567297406   -0.455341801261479   -0.516346035225553   -0.577350269189626   -0.333333333333333   -0.408098039626469   -0.482862745919605   -0.557627452212741   -0.632392158505876   -0.333333333333333   -0.411947972747839   -0.490562612162344   -0.569177251576849   -0.647791890991355   -0.333333333333333   -0.408098039626469   -0.482862745919605   -0.557627452212741   -0.632392158505876   -0.333333333333333   -0.394337567297406   -0.455341801261480   -0.516346035225553   -0.577350269189626   
-0.333333333333333   -0.394337567297406   -0.455341801261479   -0.516346035225553   -0.577350269189626   -0.333333333333333   -0.408098039626469   -0.482862745919605   -0.557627452212741   -0.632392158505876   -0.333333333333333   -0.411947972747839   -0.490562612162344   -0.569177251576849   -0.647791890991355   -0.333333333333333   -0.408098039626469   -0.482862745919605   -0.557627452212741   -0.632392158505876   -0.333333333333333   -0.394337567297406   -0.455341801261479   -0.516346035225553   -0.577350269189626   -0.166666666666667   -0.194709691978151   -0.222752717289635   -0.250795742601119   -0.278838767912603   -0.166666666666667   -0.203772685692615   -0.240878704718564   -0.277984723744513   -0.315090742770461   -0.166666666666667   -0.207162129091596   -0.247657591516525   -0.288153053941454   -0.328648516366383   -0.166666666666667   -0.203772685692615   -0.240878704718564   -0.277984723744513   -0.315090742770461   -0.166666666666667   -0.194709691978151   -0.222752717289635   -0.250795742601119   -0.278838767912603   0.000000000000000   -0.000000000000000   -0.000000000000000   -0.000000000000000   -0.000000000000000   0.000000000000000   -0.000000000000000   -0.000000000000000   -0.000000000000000   -0.000000000000000   0.000000000000000   -0.000000000000000   -0.000000000000000   -0.000000000000000   -0.000000000000000   0.000000000000000   -0.000000000000000   -0.000000000000000   -0.000000000000000   -0.000000000000000   0.000000000000000   -0.000000000000000   -0.000000000000000   -0.000000000000000   -0.000000000000000   0.166666666666667   0.194709691978151   0.222752717289635   0.250795742601119   0.278838767912603   0.166666666666667   0.203772685692615   0.240878704718564   0.277984723744513   0.315090742770461   0.166666666666667   0.207162129091596   0.247657591516525   0.288153053941454   0.328648516366383   0.166666666666667   0.203772685692615   0.240878704718564   0.277984723744513   0.315090742770461   0.166666666666667   0.194709691978151   0.222752717289635   0.250795742601119   0.278838767912603   0.333333333333333   0.394337567297406   0.455341801261479   0.516346035225553   0.577350269189626   0.333333333333333   0.408098039626469   0.482862745919605   0.557627452212741   0.632392158505876   0.333333333333333   0.411947972747839   0.490562612162344   0.569177251576849   0.647791890991355   0.333333333333333   0.408098039626469   0.482862745919605   0.557627452212741   0.632392158505876   0.333333333333333   0.394337567297406   0.455341801261479   0.516346035225553   0.577350269189626   
1.000000000000000   1.000000000000000   1.000000000000000   1.000000000000000   1.000000000000000   1.000000000000000   0.972802800902099   0.945605601804199   0.918408402706298   0.891211203608397   1.000000000000000   0.964779189099135   0.929558378198271   0.894337567297406   0.859116756396542   1.000000000000000   0.972802800902099   0.945605601804199   0.918408402706298   0.891211203608397   1.000000000000000   1.000000000000000   1.000000000000000   1.000000000000000   1.000000000000000   1.000000000000000   0.972802800902099   0.945605601804199   0.918408402706298   0.891211203608397   1.000000000000000   0.940564881604791   0.881129763209582   0.821694644814373   0.762259526419164   1.000000000000000   0.929666293385012   0.859332586770025   0.788998880155037   0.718665173540050   1.000000000000000   0.940564881604791   0.881129763209582   0.821694644814373   0.762259526419164   1.000000000000000   0.972802800902099   0.945605601804199   0.918408402706298   0.891211203608397   1.000000000000000   0.964779189099136   0.929558378198271   0.894337567297406   0.859116756396542   1.000000000000000   0.929666293385012   0.859332586770025   0.788998880155037   0.718665173540050   1.000000000000000   0.917818107897983   0.835636215795966   0.753454323693948   0.671272431591931   1.000000000000000   0.929666293385012   0.859332586770025   0.788998880155037   0.718665173540050   1.000000000000000   0.964779189099136   0.929558378198271   0.894337567297406   0.859116756396542   1.000000000000000   0.972802800902099   0.945605601804199   0.918408402706298   0.891211203608397   1.000000000000000   0.940564881604791   0.881129763209582   0.821694644814373   0.762259526419164   1.000000000000000   0.929666293385012   0.859332586770025   0.788998880155037   0.718665173540050   1.000000000000000   0.940564881604791   0.881129763209582   0.821694644814373   0.762259526419164   1.000000000000000   0.972802800902099   0.945605601804199   0.918408402706298   0.891211203608397   1.000000000000000   1.000000000000000   1.000000000000000   1.000000000000000   1.000000000000000   1.000000000000000   0.972802800902099   0.945605601804199   0.918408402706298   0.891211203608397   1.000000000000000   0.964779189099135   0.929558378198271   0.894337567297406   0.859116756396542   1.000000000000000   0.972802800902099   0.945605601804199   0.918408402706298   0.891211203608397   1.000000000000000   1.000000000000000   1.000000000000000   1.000000000000000   1.000000000000000   
PATCH 5 
4 4 4 
5 5 5 
0.0000000   0.0000000   0.0000000   0.0000000   0.0000000   1.0000000   1.0000000   1.0000000   1.0000000   1.0000000   
0.0000000   0.0000000   0.0000000   0.0000000   0.0000000   1.0000000   1.0000000   1.0000000   1.0000000   1.0000000   
0.0000000   0.0000000   0.0000000   0.0000000   0.0000000   1.0000000   1.0000000   1.0000000   1.0000000   1.0000000   
0.333333333333333   0.394337567297406   0.455341801261479   0.516346035225553   0.577350269189626   0.333333333333333   0.408098039626469   0.482862745919605   0.557627452212741   0.632392158505876   0.333333333333333   0.411947972747839   0.490562612162344   0.569177251576849   0.647791890991355   0.333333333333333   0.408098039626469   0.482862745919605   0.557627452212741   0.632392158505876   0.333333333333333   0.394337567297406   0.455341801261480   0.516346035225553   0.577350269189626   0.333333333333333   0.408098039626469   0.482862745919605   0.557627452212741   0.632392158505876   0.333333333333333   0.440564881604791   0.547796429876249   0.655027978147707   0.762259526419164   0.333333333333333   0.451234547143556   0.569135760953778   0.687036974764001   0.804938188574224   0.333333333333333   0.440564881604791   0.547796429876249   0.655027978147707   0.762259526419164   0.333333333333333   0.408098039626469   0.482862745919605   0.557627452212741   0.632392158505876   0.333333333333333   0.411947972747839   0.490562612162344   0.569177251576849   0.647791890991355   0.333333333333333   0.451234547143556   0.569135760953778   0.687036974764001   0.804938188574224   0.333333333333333   0.464779189099136   0.596225044864938   0.727670900630740   0.859116756396542   0.333333333333333   0.451234547143556   0.569135760953778   0.687036974764001   0.804938188574224   0.333333333333333   0.411947972747839   0.490562612162344   0.569177251576849   0.647791890991355   0.333333333333333   0.408098039626469   0.482862745919605   0.557627452212741   0.632392158505876   0.333333333333333   0.440564881604791   0.547796429876249   0.655027978147707   0.762259526419164   0.333333333333333   0.451234547143556   0.569135760953778   0.687036974764001   0.804938188574224   0.333333333333333   0.440564881604791   0.547796429876249   0.655027978147707   0.762259526419164   0.333333333333333   0.408098039626469   0.482862745919605   0.557627452212741   0.632392158505876   0.333333333333333   0.394337567297406   0.455341801261479   0.516346035225553   0.577350269189626   0.333333333333333   0.408098039626469   0.482862745919605   0.557627452212741   0.632392158505876   0.333333333333333   0.411947972747839   0.490562612162344   0.569177251576849   0.647791890991355   0.333333333333333   0.408098039626469   0.482862745919605   0.557627452212741   0.632392158505876   0.333333333333333   0.394337567297406   0.455341801261480   0.516346035225553   0.577350269189626   
-0.333333333333333   -0.394337567297406   -0.455341801261480   -0.516346035225553   -0.577350269189626   -0.166666666666667   -0.194709691978151   -0.222752717289635   -0.250795742601119   -0.278838767912603   -0.000000000000000   -0.000000000000000   -0.000000000000000   -0.000000000000000   -0.000000000000000   0.166666666666667   0.194709691978151   0.222752717289635   0.250795742601118   0.278838767912602   0.333333333333333   0.394337567297406   0.455341801261479   0.516346035225553   0.577350269189626   -0.333333333333333   -0.408098039626469   -0.482862745919605   -0.557627452212741   -0.632392158505876   -0.166666666666667   -0.203772685692615   -0.240878704718564   -0.277984723744513   -0.315090742770461   -0.000000000000000   -0.000000000000000   -0.000000000000000   -0.000000000000000   -0.000000000000000   0.166666666666667   0.203772685692615   0.240878704718564   0.277984723744512   0.315090742770461   0.333333333333333   0.408098039626469   0.482862745919605   0.557627452212741   0.632392158505876   -0.333333333333333   -0.411947972747839   -0.490562612162344   -0.569177251576849   -0.647791890991355   -0.166666666666667   -0.207162129091596   -0.247657591516525   -0.288153053941454   -0.328648516366384   -0.000000000000000   -0.000000000000000   -0.000000000000000   -0.000000000000000   -0.000000000000000   0.166666666666667   0.207162129091596   0.247657591516525   0.288153053941454   0.328648516366383   0.333333333333333   0.411947972747839   0.490562612162344   0.569177251576849   0.647791890991355   -0.333333333333333   -0.408098039626469   -0.482862745919605   -0.557627452212741   -0.632392158505876   -0.166666666666667   -0.203772685692615   -0.240878704718564   -0.277984723744513   -0.315090742770461   -0.000000000000000   -0.000000000000000   -0.000000000000000   -0.000000000000000   -0.000000000000000   0.166666666666667   0.203772685692615   0.240878704718564   0.277984723744512   0.315090742770461   0.333333333333333   0.408098039626469   0.482862745919605   0.557627452212741   0.632392158505876   -0.333333333333333   -0.394337567297406   -0.455341801261480   -0.516346035225553   -0.577350269189626   -0.166666666666667   -0.194709691978151   -0.222752717289635   -0.250795742601119   -0.278838767912603   -0.000000000000000   -0.000000000000000   -0.000000000000000   -0.000000000000000   -0.000000000000000   0.166666666666667   0.194709691978151   0.222752717289635   0.250795742601118   0.278838767912602   0.333333333333333   0.394337567297406   0.455341801261479   0.516346035225553   0.577350269189626   
-0.333333333333333   -0.394337567297406   -0.455341801261479   -0.516346035225553   -0.577350269189626   -0.333333333333333   -0.408098039626469   -0.482862745919605   -0.557627452212741   -0.632392158505876   -0.333333333333333   -0.411947972747839   -0.490562612162344   -0.569177251576849   -0.647791890991355   -0.333333333333333   -0.408098039626469   -0.482862745919605   -0.557627452212741   -0.632392158505876   -0.333333333333333   -0.394337567297406   -0.455341801261479   -0.516346035225553   -0.577350269189626   -0.166666666666667   -0.194709691978151   -0.222752717289635   -0.250795742601119   -0.278838767912603   -0.166666666666667   -0.203772685692615   -0.240878704718564   -0.277984723744513   -0.315090742770461   -0.166666666666667   -0.207162129091596   -0.247657591516525   -0.288153053941454   -0.328648516366383   -0.166666666666667   -0.203772685692615   -0.240878704718564   -0.277984723744513   -0.315090742770461   -0.166666666666667   -0.194709691978151   -0.222752717289635   -0.250795742601119   -0.278838767912603   0.000000000000000   -0.000000000000000   -0.000000000000000   -0.000000000000000   -0.000000000000000   0.000000000000000   -0.000000000000000   -0.000000000000000   -0.000000000000000   -0.000000000000000   0.000000000000000   -0.000000000000000   -0.000000000000000   -0.000000000000000   -0.000000000000000   0.000000000000000   -0.000000000000000   -0.000000000000000   -0.000000000000000   -0.000000000000000   0.000000000000000   -0.000000000000000   -0.000000000000000   -0.000000000000000   -0.000000000000000   0.166666666666667   0.194709691978151   0.222752717289635   0.250795742601119   0.278838767912603   0.166666666666667   0.203772685692615   0.240878704718564   0.277984723744513   0.315090742770461   0.166666666666667   0.207162129091596   0.247657591516525   0.288153053941454   0.328648516366383   0.166666666666667   0.203772685692615   0.240878704718564   0.277984723744513   0.315090742770461   0.166666666666667   0.194709691978151   0.222752717289635   0.250795742601119   0.278838767912603   0.333333333333333   0.394337567297406   0.455341801261479   0.516346035225553   0.577350269189626   0.333333333333333   0.408098039626469   0.482862745919605   0.557627452212741   0.632392158505876   0.333333333333333   0.411947972747839   0.490562612162344   0.569177251576849   0.647791890991355   0.333333333333333   0.408098039626469   0.482862745919605   0.557627452212741   0.632392158505876   0.333333333333333   0.394337567297406   0.455341801261479   0.516346035225553   0.577350269189626   
1.000000000000000   1.000000000000000   1.000000000000000   1.000000000000000   1.000000000000000   1.000000000000000   0.972802800902099   0.945605601804199   0.918408402706298   0.891211203608397   1.000000000000000   0.964779189099135   0.929558378198271   0.894337567297406   0.859116756396542   1.000000000000000   0.972802800902099   0.945605601804199   0.918408402706298   0.891211203608397   1.000000000000000   1.000000000000000   1.000000000000000   1.000000000000000   1.000000000000000   1.000000000000000   0.972802800902099   0.945605601804199   0.918408402706298   0.891211203608397   1.000000000000000   0.940564881604791   0.881129763209582   0.821694644814373   0.762259526419164   1.000000000000000   0.929666293385012   0.859332586770025   0.788998880155037   0.718665173540050   1.000000000000000   0.940564881604791   0.881129763209582   0.821694644814373   0.762259526419164   1.000000000000000   0.972802800902099   0.945605601804199   0.918408402706298   0.891211203608397   1.000000000000000   0.964779189099136   0.929558378198271   0.894337567297406   0.859116756396542   1.000000000000000   0.929666293385012   0.859332586770025   0.788998880155037   0.718665173540050   1.000000000000000   0.917818107897983   0.835636215795966   0.753454323693948   0.671272431591931   1.000000000000000   0.929666293385012   0.859332586770025   0.788998880155037   0.718665173540050   1.000000000000000   0.964779189099136   0.929558378198271   0.894337567297406   0.859116756396542   1.000000000000000   0.972802800902099   0.945605601804199   0.918408402706298   0.891211203608397   1.000000000000000   0.940564881604791   0.881129763209582   0.821694644814373   0.762259526419164   1.000000000000000   0.929666293385012   0.859332586770025   0.788998880155037   0.718665173540050   1.000000000000000   0.940564881604791   0.881129763209582   0.821694644814373   0.762259526419164   1.000000000000000   0.972802800902099   0.945605601804199   0.918408402706298   0.891211203608397   1.000000000000000   1.000000000000000   1.000000000000000   1.000000000000000   1.000000000000000   1.000000000000000   0.972802800902099   0.945605601804199   0.918408402706298   0.891211203608397   1.000000000000000   0.964779189099135   0.929558378198271   0.894337567297406   0.859116756396542   1.000000000000000   0.972802800902099   0.945605601804199   0.918408402706298   0.891211203608397   1.000000000000000   1.000000000000000   1.000000000000000   1.000000000000000   1.000000000000000   
PATCH 6 
4 4 4 
5 5 5 
0.0000000   0.0000000   0.0000000   0.0000000   0.0000000   1.0000000   1.0000000   1.0000000   1.0000000   1.0000000   
0.0000000   0.0000000   0.0000000   0.0000000   0.0000000   1.0000000   1.0000000   1.0000000   1.0000000   1.0000000   
0.0000000   0.0000000   0.0000000   0.0000000   0.0000000   1.0000000   1.0000000   1.0000000   1.0000000   1.0000000   
-0.333333333333333   -0.394337567297406   -0.455341801261479   -0.516346035225553   -0.577350269189626   -0.166666666666667   -0.194709691978151   -0.222752717289635   -0.250795742601119   -0.278838767912603   0.000000000000000   0.000000000000000   0.000000000000000   0.000000000000000   0.000000000000000   0.166666666666667   0.194709691978151   0.222752717289635   0.250795742601119   0.278838767912603   0.333333333333333   0.394337567297406   0.455341801261479   0.516346035225553   0.577350269189626   -0.333333333333333   -0.408098039626469   -0.482862745919605   -0.557627452212741   -0.632392158505876   -0.166666666666667   -0.203772685692615   -0.240878704718564   -0.277984723744513   -0.315090742770461   0.000000000000000   0.000000000000000   0.000000000000000   0.000000000000000   0.000000000000000   0.166666666666667   0.203772685692615   0.240878704718564   0.277984723744513   0.315090742770461   0.333333333333333   0.408098039626469   0.482862745919605   0.557627452212741   0.632392158505876   -0.333333333333333   -0.411947972747839   -0.490562612162344   -0.569177251576849   -0.647791890991355   -0.166666666666667   -0.207162129091596   -0.247657591516525   -0.288153053941454   -0.328648516366383   0.000000000000000   0.000000000000000   0.000000000000000   0.000000000000000   0.000000000000000   0.166666666666667   0.207162129091596   0.247657591516525   0.288153053941454   0.328648516366383   0.333333333333333   0.411947972747839   0.490562612162344   0.569177251576849   0.647791890991355   -0.333333333333333   -0.408098039626469   -0.482862745919605   -0.557627452212741   -0.632392158505876   -0.166666666666667   -0.203772685692615   -0.240878704718564   -0.277984723744513   -0.315090742770461   0.000000000000000   0.000000000000000   0.000000000000000   0.000000000000000   0.000000000000000   0.166666666666667   0.203772685692615   0.240878704718564   0.277984723744513   0.315090742770461   0.333333333333333   0.408098039626469   0.482862745919605   0.557627452212741   0.632392158505876   -0.333333333333333   -0.394337567297406   -0.455341801261479   -0.516346035225553   -0.577350269189626   -0.166666666666667   -0.194709691978151   -0.222752717289635   -0.250795742601119   -0.278838767912603   0.000000000000000   0.000000000000000   0.000000000000000   0.000000000000000   0.000000000000000   0.166666666666667   0.194709691978151   0.222752717289635   0.250795742601119   0.278838767912603   0.333333333333333   0.394337567297406   0.455341801261479   0.516346035225553   0.577350269189626   
-0.333333333333333   -0.394337567297406   -0.455341801261479   -0.516346035225553   -0.577350269189626   -0.333333333333333   -0.408098039626469   -0.482862745919605   -0.557627452212741   -0.632392158505876   -0.333333333333333   -0.411947972747839   -0.490562612162344   -0.569177251576849   -0.647791890991355   -0.333333333333333   -0.408098039626469   -0.482862745919605   -0.557627452212741   -0.632392158505876   -0.333333333333333   -0.394337567297406   -0.455341801261479   -0.516346035225553   -0.577350269189626   -0.166666666666667   -0.194709691978151   -0.222752717289635   -0.250795742601119   -0.278838767912603   -0.166666666666667   -0.203772685692615   -0.240878704718564   -0.277984723744513   -0.315090742770461   -0.166666666666667   -0.207162129091596   -0.247657591516525   -0.288153053941454   -0.328648516366383   -0.166666666666667   -0.203772685692615   -0.240878704718564   -0.277984723744513   -0.315090742770461   -0.166666666666667   -0.194709691978151   -0.222752717289635   -0.250795742601119   -0.278838767912603   0.000000000000000   0.000000000000000   0.000000000000000   0.000000000000000   0.000000000000000   0.000000000000000   0.000000000000000   0.000000000000000   0.000000000000000   0.000000000000000   0.000000000000000   0.000000000000000   0.000000000000000   0.000000000000000   0.000000000000000   0.000000000000000   0.000000000000000   0.000000000000000   0.000000000000000   0.000000000000000   0.000000000000000   0.000000000000000   0.000000000000000   0.000000000000000   0.000000000000000   0.166666666666667   0.194709691978151   0.222752717289635   0.250795742601119   0.278838767912603   0.166666666666667   0.203772685692615   0.240878704718564   0.277984723744513   0.315090742770461   0.166666666666667   0.207162129091596   0.247657591516525   0.288153053941454   0.328648516366383   0.166666666666667   0.203772685692615   0.240878704718564   0.277984723744513   0.315090742770461   0.166666666666667   0.194709691978151   0.222752717289635   0.250795742601119   0.278838767912603   0.333333333333333   0.394337567297406   0.455341801261480   0.516346035225553   0.577350269189626   0.333333333333333   0.408098039626469   0.482862745919605   0.557627452212741   0.632392158505876   0.333333333333333   0.411947972747839   0.490562612162344   0.569177251576849   0.647791890991355   0.333333333333333   0.408098039626469   0.482862745919605   0.557627452212741   0.632392158505876   0.333333333333333   0.394337567297406   0.455341801261480   0.516346035225553   0.577350269189626   
0.333333333333333   0.394337567297406   0.455341801261480   0.516346035225553   0.577350269189626   0.333333333333333   0.408098039626469   0.482862745919605   0.557627452212741   0.632392158505876   0.333333333333333   0.411947972747839   0.490562612162344   0.569177251576849   0.647791890991355   0.333333333333333   0.408098039626469   0.482862745919605   0.557627452212741   0.632392158505876   0.333333333333333   0.394337567297406   0.455341801261480   0.516346035225553   0.577350269189626   0.333333333333333   0.408098039626469   0.482862745919605   0.557627452212741   0.632392158505876   0.333333333333333   0.440564881604791   0.547796429876249   0.655027978147707   0.762259526419164   0.333333333333333   0.451234547143556   0.569135760953778   0.687036974764001   0.804938188574224   0.333333333333333   0.440564881604791   0.547796429876249   0.655027978147707   0.762259526419164   0.333333333333333   0.408098039626469   0.482862745919605   0.557627452212741   0.632392158505876   0.333333333333333   0.411947972747839   0.490562612162344   0.569177251576849   0.647791890991355   0.333333333333333   0.451234547143556   0.569135760953778   0.687036974764001   0.804938188574224   0.333333333333333   0.464779189099136   0.596225044864938   0.727670900630740   0.859116756396542   0.333333333333333   0.451234547143556   0.569135760953778   0.687036974764001   0.804938188574224   0.333333333333333   0.411947972747839   0.490562612162344   0.569177251576849   0.647791890991355   0.333333333333333   0.408098039626469   0.482862745919605   0.557627452212741   0.632392158505876   0.333333333333333   0.440564881604791   0.547796429876249   0.655027978147707   0.762259526419164   0.333333333333333   0.451234547143556   0.569135760953778   0.687036974764001   0.804938188574224   0.333333333333333   0.440564881604791   0.547796429876249   0.655027978147707   0.762259526419164   0.333333333333333   0.408098039626469   0.482862745919605   0.557627452212741   0.632392158505876   0.333333333333333   0.394337567297406   0.455341801261479   0.516346035225553   0.577350269189626   0.333333333333333   0.408098039626469   0.482862745919605   0.557627452212741   0.632392158505876   0.333333333333333   0.411947972747839   0.490562612162344   0.569177251576849   0.647791890991355   0.333333333333333   0.408098039626469   0.482862745919605   0.557627452212741   0.632392158505876   0.333333333333333   0.394337567297406   0.455341801261479   0.516346035225553   0.577350269189626   
1.000000000000000   1.000000000000000   1.000000000000000   1.000000000000000   1.000000000000000   1.000000000000000   0.972802800902099   0.945605601804199   0.918408402706298   0.891211203608397   1.000000000000000   0.964779189099135   0.929558378198271   0.894337567297406   0.859116756396542   1.000000000000000   0.972802800902099   0.945605601804199   0.918408402706298   0.891211203608397   1.000000000000000   1.000000000000000   1.000000000000000   1.000000000000000   1.000000000000000   1.000000000000000   0.972802800902099   0.945605601804199   0.918408402706298   0.891211203608397   1.000000000000000   0.940564881604791   0.881129763209582   0.821694644814373   0.762259526419164   1.000000000000000   0.929666293385012   0.859332586770025   0.788998880155037   0.718665173540050   1.000000000000000   0.940564881604791   0.881129763209582   0.821694644814373   0.762259526419164   1.000000000000000   0.972802800902099   0.945605601804199   0.918408402706298   0.891211203608397   1.000000000000000   0.964779189099136   0.929558378198271   0.894337567297406   0.859116756396542   1.000000000000000   0.929666293385012   0.859332586770025   0.788998880155037   0.718665173540050   1.000000000000000   0.917818107897983   0.835636215795966   0.753454323693948   0.671272431591931   1.000000000000000   0.929666293385012   0.859332586770025   0.788998880155037   0.718665173540050   1.000000000000000   0.964779189099136   0.929558378198271   0.894337567297406   0.859116756396542   1.000000000000000   0.972802800902099   0.945605601804199   0.918408402706298   0.891211203608397   1.000000000000000   0.940564881604791   0.881129763209582   0.821694644814373   0.762259526419164   1.000000000000000   0.929666293385012   0.859332586770025   0.788998880155037   0.718665173540050   1.000000000000000   0.940564881604791   0.881129763209582   0.821694644814373   0.762259526419164   1.000000000000000   0.972802800902099   0.945605601804199   0.918408402706298   0.891211203608397   1.000000000000000   1.000000000000000   1.000000000000000   1.000000000000000   1.000000000000000   1.000000000000000   0.972802800902099   0.945605601804199   0.918408402706298   0.891211203608397   1.000000000000000   0.964779189099135   0.929558378198271   0.894337567297406   0.859116756396542   1.000000000000000   0.972802800902099   0.945605601804199   0.918408402706298   0.891211203608397   1.000000000000000   1.000000000000000   1.000000000000000   1.000000000000000   1.000000000000000   
PATCH 7 
4 4 4 
5 5 5 
0.0000000   0.0000000   0.0000000   0.0000000   0.0000000   1.0000000   1.0000000   1.0000000   1.0000000   1.0000000   
0.0000000   0.0000000   0.0000000   0.0000000   0.0000000   1.0000000   1.0000000   1.0000000   1.0000000   1.0000000   
0.0000000   0.0000000   0.0000000   0.0000000   0.0000000   1.0000000   1.0000000   1.0000000   1.0000000   1.0000000   
-0.333333333333333   -0.394337567297406   -0.455341801261479   -0.516346035225553   -0.577350269189626   -0.166666666666667   -0.194709691978151   -0.222752717289635   -0.250795742601119   -0.278838767912603   0.000000000000000   0.000000000000000   0.000000000000000   0.000000000000000   0.000000000000000   0.166666666666667   0.194709691978151   0.222752717289635   0.250795742601119   0.278838767912603   0.333333333333333   0.394337567297406   0.455341801261479   0.516346035225553   0.577350269189626   -0.333333333333333   -0.408098039626469   -0.482862745919605   -0.557627452212741   -0.632392158505876   -0.166666666666667   -0.203772685692615   -0.240878704718564   -0.277984723744513   -0.315090742770461   0.000000000000000   0.000000000000000   0.000000000000000   0.000000000000000   0.000000000000000   0.166666666666667   0.203772685692615   0.240878704718564   0.277984723744513   0.315090742770461   0.333333333333333   0.408098039626469   0.482862745919605   0.557627452212741   0.632392158505876   -0.333333333333333   -0.411947972747839   -0.490562612162344   -0.569177251576849   -0.647791890991355   -0.166666666666667   -0.207162129091596   -0.247657591516525   -0.288153053941454   -0.328648516366383   0.000000000000000   0.000000000000000   0.000000000000000   0.000000000000000   0.000000000000000   0.166666666666667   0.207162129091596   0.247657591516525   0.288153053941454   0.328648516366383   0.333333333333333   0.411947972747839   0.490562612162344   0.569177251576849   0.647791890991355   -0.333333333333333   -0.408098039626469   -0.482862745919605   -0.557627452212741   -0.632392158505876   -0.166666666666667   -0.203772685692615   -0.240878704718564   -0.277984723744513   -0.315090742770461   0.000000000000000   0.000000000000000   0.000000000000000   0.000000000000000   0.000000000000000   0.166666666666667   0.203772685692615   0.240878704718564   0.277984723744513   0.315090742770461   0.333333333333333   0.408098039626469   0.482862745919605   0.557627452212741   0.632392158505876   -0.333333333333333   -0.394337567297406   -0.455341801261479   -0.516346035225553   -0.577350269189626   -0.166666666666667   -0.194709691978151   -0.222752717289635   -0.250795742601119   -0.278838767912603   0.000000000000000   0.000000000000000   0.000000000000000   0.000000000000000   0.000000000000000   0.166666666666667   0.194709691978151   0.222752717289635   0.250795742601119   0.278838767912603   0.333333333333333   0.394337567297406   0.455341801261479   0.516346035225553   0.577350269189626   
0.333333333333333   0.394337567297406   0.455341801261480   0.516346035225553   0.577350269189626   0.333333333333333   0.408098039626469   0.482862745919605   0.557627452212741   0.632392158505876   0.333333333333333   0.411947972747839   0.490562612162344   0.569177251576849   0.647791890991355   0.333333333333333   0.408098039626469   0.482862745919605   0.557627452212741   0.632392158505876   0.333333333333333   0.394337567297406   0.455341801261480   0.516346035225553   0.577350269189626   0.166666666666667   0.194709691978151   0.222752717289635   0.250795742601119   0.278838767912603   0.166666666666667   0.203772685692615   0.240878704718564   0.277984723744513   0.315090742770461   0.166666666666667   0.207162129091596   0.247657591516525   0.288153053941454   0.328648516366383   0.166666666666667   0.203772685692615   0.240878704718564   0.277984723744513   0.315090742770461   0.166666666666667   0.194709691978151   0.222752717289635   0.250795742601119   0.278838767912603   0.000000000000000   0.000000000000000   0.000000000000000   0.000000000000000   0.000000000000000   0.000000000000000   0.000000000000000   0.000000000000000   0.000000000000000   0.000000000000000   0.000000000000000   0.000000000000000   0.000000000000000   0.000000000000000   0.000000000000000   0.000000000000000   0.000000000000000   0.000000000000000   0.000000000000000   0.000000000000000   0.000000000000000   0.000000000000000   0.000000000000000   0.000000000000000   0.000000000000000   -0.166666666666667   -0.194709691978151   -0.222752717289635   -0.250795742601119   -0.278838767912603   -0.166666666666667   -0.203772685692615   -0.240878704718564   -0.277984723744513   -0.315090742770461   -0.166666666666667   -0.207162129091596   -0.247657591516525   -0.288153053941454   -0.328648516366383   -0.166666666666667   -0.203772685692615   -0.240878704718564   -0.277984723744513   -0.315090742770461   -0.166666666666667   -0.194709691978151   -0.222752717289635   -0.250795742601119   -0.278838767912603   -0.333333333333333   -0.394337567297406   -0.455341801261479   -0.516346035225553   -0.577350269189626   -0.333333333333333   -0.408098039626469   -0.482862745919605   -0.557627452212741   -0.632392158505876   -0.333333333333333   -0.411947972747839   -0.490562612162344   -0.569177251576849   -0.647791890991355   -0.333333333333333   -0.408098039626469   -0.482862745919605   -0.557627452212741   -0.632392158505876   -0.333333333333333   -0.394337567297406   -0.455341801261479   -0.516346035225553   -0.577350269189626   
-0.333333333333333   -0.394337567297406   -0.455341801261479   -0.516346035225553   -0.577350269189626   -0.333333333333333   -0.408098039626469   -0.482862745919605   -0.557627452212741   -0.632392158505876   -0.333333333333333   -0.411947972747839   -0.490562612162344   -0.569177251576849   -0.647791890991355   -0.333333333333333   -0.408098039626469   -0.482862745919605   -0.557627452212741   -0.632392158505876   -0.333333333333333   -0.394337567297406   -0.455341801261479   -0.516346035225553   -0.577350269189626   -0.333333333333333   -0.408098039626469   -0.482862745919605   -0.557627452212741   -0.632392158505876   -0.333333333333333   -0.440564881604791   -0.547796429876249   -0.655027978147707   -0.762259526419164   -0.333333333333333   -0.451234547143556   -0.569135760953778   -0.687036974764001   -0.804938188574224   -0.333333333333333   -0.440564881604791   -0.547796429876249   -0.655027978147707   -0.762259526419164   -0.333333333333333   -0.408098039626469   -0.482862745919605   -0.557627452212741   -0.632392158505876   -0.333333333333333   -0.411947972747839   -0.490562612162344   -0.569177251576849   -0.647791890991355   -0.333333333333333   -0.451234547143556   -0.569135760953778   -0.687036974764001   -0.804938188574224   -0.333333333333333   -0.464779189099136   -0.596225044864938   -0.727670900630740   -0.859116756396542   -0.333333333333333   -0.451234547143556   -0.569135760953778   -0.687036974764001   -0.804938188574224   -0.333333333333333   -0.411947972747839   -0.490562612162344   -0.569177251576849   -0.647791890991355   -0.333333333333333   -0.408098039626469   -0.482862745919605   -0.557627452212741   -0.632392158505876   -0.333333333333333   -0.440564881604791   -0.547796429876249   -0.655027978147707   -0.762259526419164   -0.333333333333333   -0.451234547143556   -0.569135760953778   -0.687036974764001   -0.804938188574224   -0.333333333333333   -0.440564881604791   -0.547796429876249   -0.655027978147707   -0.762259526419164   -0.333333333333333   -0.408098039626469   -0.482862745919605   -0.557627452212741   -0.632392158505876   -0.333333333333333   -0.394337567297406   -0.455341801261480   -0.516346035225553   -0.577350269189626   -0.333333333333333   -0.408098039626469   -0.482862745919605   -0.557627452212741   -0.632392158505876   -0.333333333333333   -0.411947972747839   -0.490562612162344   -0.569177251576849   -0.647791890991355   -0.333333333333333   -0.408098039626469   -0.482862745919605   -0.557627452212741   -0.632392158505876   -0.333333333333333   -0.394337567297406   -0.455341801261480   -0.516346035225553   -0.577350269189626   
1.000000000000000   1.000000000000000   1.000000000000000   1.000000000000000   1.000000000000000   1.000000000000000   0.972802800902099   0.945605601804199   0.918408402706298   0.891211203608397   1.000000000000000   0.964779189099135   0.929558378198271   0.894337567297406   0.859116756396542   1.000000000000000   0.972802800902099   0.945605601804199   0.918408402706298   0.891211203608397   1.000000000000000   1.000000000000000   1.000000000000000   1.000000000000000   1.000000000000000   1.000000000000000   0.972802800902099   0.945605601804199   0.918408402706298   0.891211203608397   1.000000000000000   0.940564881604791   0.881129763209582   0.821694644814373   0.762259526419164   1.000000000000000   0.929666293385012   0.859332586770025   0.788998880155037   0.718665173540050   1.000000000000000   0.940564881604791   0.881129763209582   0.821694644814373   0.762259526419164   1.000000000000000   0.972802800902099   0.945605601804199   0.918408402706298   0.891211203608397   1.000000000000000   0.964779189099136   0.929558378198271   0.894337567297406   0.859116756396542   1.000000000000000   0.929666293385012   0.859332586770025   0.788998880155037   0.718665173540050   1.000000000000000   0.917818107897983   0.835636215795966   0.753454323693948   0.671272431591931   1.000000000000000   0.929666293385012   0.859332586770025   0.788998880155037   0.718665173540050   1.000000000000000   0.964779189099136   0.929558378198271   0.894337567297406   0.859116756396542   1.000000000000000   0.972802800902099   0.945605601804199   0.918408402706298   0.891211203608397   1.000000000000000   0.940564881604791   0.881129763209582   0.821694644814373   0.762259526419164   1.000000000000000   0.929666293385012   0.859332586770025   0.788998880155037   0.718665173540050   1.000000000000000   0.940564881604791   0.881129763209582   0.821694644814373   0.762259526419164   1.000000000000000   0.972802800902099   0.945605601804199   0.918408402706298   0.891211203608397   1.000000000000000   1.000000000000000   1.000000000000000   1.000000000000000   1.000000000000000   1.000000000000000   0.972802800902099   0.945605601804199   0.918408402706298   0.891211203608397   1.000000000000000   0.964779189099135   0.929558378198271   0.894337567297406   0.859116756396542   1.000000000000000   0.972802800902099   0.945605601804199   0.918408402706298   0.891211203608397   1.000000000000000   1.000000000000000   1.000000000000000   1.000000000000000   1.000000000000000   
INTERFACE 1 
1 1 
4 1 
1 1 1 
INTERFACE 2 
1 2 
2 1 
1 1 1 
INTERFACE 3 
1 3 
3 1 
1 1 1 
INTERFACE 4 
1 4 
5 1 
1 1 1 
INTERFACE 5 
1 5 
7 1 
-1 -1 1 
INTERFACE 6 
1 6 
6 1 
-1 1 1 
INTERFACE 7 
2 3 
3 4 
1 1 1 
INTERFACE 8 
2 4 
5 4 
1 1 1 
INTERFACE 9 
2 5 
7 5 
1 1 1 
INTERFACE 10 
2 6 
6 6 
1 1 1 
INTERFACE 11 
3 3 
4 3 
1 1 1 
INTERFACE 12 
3 5 
7 3 
1 1 -1 
INTERFACE 13 
3 6 
6 3 
1 1 1 
INTERFACE 14 
4 4 
5 3 
1 1 1 
INTERFACE 15 
4 5 
7 6 
1 1 1 
INTERFACE 16 
4 6 
6 5 
1 1 1 
INTERFACE 17 
5 5 
7 4 
1 1 -1 
INTERFACE 18 
5 6 
6 4 
1 1 1 
SUBDOMAIN 1 
1 2 3 4 5 6 7 
BOUNDARY 1 
6 
2 2 
3 2 
4 2 
5 2 
6 2 
7 2 
