# nurbs mesh v.2.1
#
# 24-Jun-2015
#
 3 3 4 4 1
PATCH 1 
   1   1   1
   2   2   2
0.0000000   0.0000000   1.0000000   1.0000000   
0.0000000   0.0000000   1.0000000   1.0000000   
0.0000000   0.0000000   1.0000000   1.0000000   
0.000000000000000   1.000000000000000   0.000000000000000   1.000000000000000   0.000000000000000   1.000000000000000   0.000000000000000   1.000000000000000   
0.000000000000000   0.000000000000000   0.500000000000000   0.500000000000000   0.000000000000000   0.000000000000000   0.500000000000000   0.500000000000000   
0.000000000000000   0.000000000000000   0.000000000000000   0.000000000000000   0.500000000000000   0.500000000000000   0.500000000000000   0.500000000000000   
1.000000000000000   1.000000000000000   1.000000000000000   1.000000000000000   1.000000000000000   1.000000000000000   1.000000000000000   1.000000000000000   
PATCH 2 
   1   1   1
   2   2   2
0.0000000   0.0000000   1.0000000   1.0000000   
0.0000000   0.0000000   1.0000000   1.0000000   
0.0000000   0.0000000   1.0000000   1.0000000   
0.000000000000000   1.000000000000000   0.000000000000000   1.000000000000000   0.000000000000000   1.000000000000000   0.000000000000000   1.000000000000000   
0.000000000000000   0.000000000000000   0.500000000000000   0.500000000000000   0.000000000000000   0.000000000000000   0.500000000000000   0.500000000000000   
0.500000000000000   0.500000000000000   0.500000000000000   0.500000000000000   1.000000000000000   1.000000000000000   1.000000000000000   1.000000000000000   
1.000000000000000   1.000000000000000   1.000000000000000   1.000000000000000   1.000000000000000   1.000000000000000   1.000000000000000   1.000000000000000   
PATCH 3 
   1   1   1
   2   2   2
0.0000000   0.0000000   1.0000000   1.0000000   
0.0000000   0.0000000   1.0000000   1.0000000   
0.0000000   0.0000000   1.0000000   1.0000000   
0.000000000000000   1.000000000000000   0.000000000000000   1.000000000000000   0.000000000000000   1.000000000000000   0.000000000000000   1.000000000000000   
0.500000000000000   0.500000000000000   1.000000000000000   1.000000000000000   0.500000000000000   0.500000000000000   1.000000000000000   1.000000000000000   
0.500000000000000   0.500000000000000   0.500000000000000   0.500000000000000   1.000000000000000   1.000000000000000   1.000000000000000   1.000000000000000   
1.000000000000000   1.000000000000000   1.000000000000000   1.000000000000000   1.000000000000000   1.000000000000000   1.000000000000000   1.000000000000000   
PATCH 4 
   1   1   1
   2   2   2
0.0000000   0.0000000   1.0000000   1.0000000   
0.0000000   0.0000000   1.0000000   1.0000000   
0.0000000   0.0000000   1.0000000   1.0000000   
0.000000000000000   1.000000000000000   0.000000000000000   1.000000000000000   0.000000000000000   1.000000000000000   0.000000000000000   1.000000000000000   
0.500000000000000   0.500000000000000   1.000000000000000   1.000000000000000   0.500000000000000   0.500000000000000   1.000000000000000   1.000000000000000   
0.000000000000000   0.000000000000000   0.000000000000000   0.000000000000000   0.500000000000000   0.500000000000000   0.500000000000000   0.500000000000000   
1.000000000000000   1.000000000000000   1.000000000000000   1.000000000000000   1.000000000000000   1.000000000000000   1.000000000000000   1.000000000000000   
INTERFACE 1 
4 3 
1 4 
1 1 1 
INTERFACE 2 
2 4 
3 3 
1 1 1 
INTERFACE 3 
1 6 
2 5 
1 1 1 
INTERFACE 4 
4 6 
3 5 
1 1 1 
SUBDOMAIN 1 
1 2 3 4 
BOUNDARY 1 
16 
1 1 
1 2 
1 3 
1 5 
2 1 
2 2 
2 3 
2 6 
3 1 
3 2 
3 6 
3 4 
4 1 
4 2 
4 4 
4 5 
