# nurbs mesh v.0.6
# 
# L-shaped domain defined with a single patch and a C^1 parametrization
# 9th April 2010
#
2 1
2 2
3 4
0.00000   0.00000   0.00000   1.00000   1.00000   1.00000
0.00000   0.00000   0.00000   0.50000   1.00000   1.00000   1.00000
-1.0000  -0.50000   0.00000  -1.00000  -0.707106781186548   0.00000  -1.00000  -0.292893218813452   0.00000   1.00000   1.00000   1.00000
-1.0000  -1.00000  -1.00000   1.00000   0.292893218813452   0.00000   1.00000   0.707106781186548   0.00000   1.00000   0.50000   0.00000
1.00000   1.00000   1.00000   1.00000   1.00000   1.00000   1.00000   1.00000   1.00000   1.00000   1.00000   1.00000
