# nurbs mesh v.2.1
#
# 24-Jun-2015
#
 2 2 1 0 1
PATCH 1 
   1   2
   2   3
0.0000000   0.0000000   1.0000000   1.0000000   
0.0000000   0.0000000   0.0000000   1.0000000   1.0000000   1.0000000   
2.000000000000000   3.000000000000000   1.847759065022573   2.771638597533860   1.414213562373095   2.121320343559642   
0.000000000000000   0.000000000000000   0.765366864730180   1.148050297095269   1.414213562373095   2.121320343559642   
1.000000000000000   1.000000000000000   0.923879532511287   0.923879532511287   1.000000000000000   1.000000000000000   
SUBDOMAIN 1 
1 
