# nurbs mesh v.0.7
# 
# Unit cube represented by four patches.
# March 29th 2011
#
3 4 4 1
1 1 1
2 2 2
0.00000   0.00000   1.00000   1.00000
0.00000   0.00000   1.00000   1.00000
0.00000   0.00000   1.00000   1.00000
0.0000    1.0000    0.00000   1.00000   0.0000    1.00000   0.00000   1.00000
0.00000   0.00000   0.50000   0.50000   0.0000    0.00000   0.50000   0.50000
0.00000   0.00000   0.00000   0.00000   0.5000    0.50000   0.50000   0.50000
1.00000   1.00000   1.00000   1.00000   1.00000   1.00000   1.00000   1.00000
1 1 1
2 2 2
0.00000   0.00000   1.00000   1.00000
0.00000   0.00000   1.00000   1.00000
0.00000   0.00000   1.00000   1.00000
0.0000    1.0000    0.00000   1.00000   0.0000    1.00000   0.00000   1.00000
0.00000   0.00000   0.50000   0.50000   0.0000    0.00000   0.50000   0.50000
0.50000   0.50000   0.50000   0.50000   1.0000    1.00000   1.00000   1.00000
1.00000   1.00000   1.00000   1.00000   1.00000   1.00000   1.00000   1.00000
1 1 1
2 2 2
0.00000   0.00000   1.00000   1.00000
0.00000   0.00000   1.00000   1.00000
0.00000   0.00000   1.00000   1.00000
0.0000    1.0000    0.00000   1.00000   0.0000    1.00000   0.00000   1.00000
0.50000   0.50000   1.00000   1.00000   0.5000    0.50000   1.00000   1.00000
0.50000   0.50000   0.50000   0.50000   1.0000    1.00000   1.00000   1.00000
1.00000   1.00000   1.00000   1.00000   1.00000   1.00000   1.00000   1.00000
1 1 1
2 2 2
0.00000   0.00000   1.00000   1.00000
0.00000   0.00000   1.00000   1.00000
0.00000   0.00000   1.00000   1.00000
0.0000    1.0000    0.00000   1.00000   0.0000    1.00000   0.00000   1.00000
0.50000   0.50000   1.00000   1.00000   0.5000    0.50000   1.00000   1.00000
0.00000   0.00000   0.00000   0.00000   0.5000    0.50000   0.50000   0.50000
1.00000   1.00000   1.00000   1.00000   1.00000   1.00000   1.00000   1.00000
INTERFACE 1
4 3
1 4
1 1 1
INTERFACE 2
2 4
3 3
1 1 1
INTERFACE 3
1 6
2 5
1 1 1
INTERFACE 4
4 6
3 5
1 1 1
# The same subdomain is used for all patches
SUBDOMAIN 1
1 2 3 4
BOUNDARY 1
16
1 1
1 2
1 3
1 5
2 1
2 2
2 3
2 6
3 1
3 2
3 6
3 4
4 1
4 2
4 4
4 5
