# nurbs mesh v.0.6
# 
# Waveguide with a square cross-section.
#
3 15 34
1 1 1
2 2 2
0.00000   0.00000   1.00000   1.00000
0.00000   0.00000   1.00000   1.00000
0.00000   0.00000   1.00000   1.00000
0.00000   5.00000   0.00000   5.00000   0.0000   5.00000   0.0000   5.0000
-1.0000   -1.0000   1.00000   1.0000   -1.0000   -1.0000   1.0000   1.0000
-2.0000   -2.0000   -2.0000   -2.0000   2.0000   2.00000   2.0000   2.0000
1.00000   1.00000   1.00000   1.00000   1.00000   1.0000   1.0000   1.00000
1 1 1
2 2 2
0.00000   0.00000   1.00000   1.00000
0.00000   0.00000   1.00000   1.00000
0.00000   0.00000   1.00000   1.00000
0.0000    5.0000    0.0000    5.0000   0.0000   5.0000   0.0000   5.0000
-1.0000   -1.0000   1.0000   1.0000   -1.1000   -1.1000   1.1000   1.1000
2.0000   2.0000   2.0000   2.0000   2.1000   2.1000   2.1000   2.1000
1.00000   1.00000   1.00000   1.00000   1.00000   1.00000   1.00000   1.00000
1 1 1
2 2 2
0.00000   0.00000   1.00000   1.00000
0.00000   0.00000   1.00000   1.00000
0.00000   0.00000   1.00000   1.00000
0.0000   5.0000   0.0000   5.0000   0.0000   5.0000   0.0000   5.0000
1.0000   1.0000   1.1000   1.1000   1.0000   1.0000   1.1000   1.1000
-2.0000   -2.0000   -2.1000   -2.1000   2.000   2.0000   2.1000   2.1000
1.00000   1.00000   1.00000   1.00000   1.00000   1.00000   1.00000   1.00000
1 1 1
2 2 2
0.00000   0.00000   1.00000   1.00000
0.00000   0.00000   1.00000   1.00000
0.00000   0.00000   1.00000   1.00000
0.0000   5.0000   0.0000   5.0000   0.0000   5.0000   0.0000   5.0000
-1.1000   -1.1000   1.1000   1.1000   -1.0000   -1.0000   1.000   1.000
-2.1000   -2.1000   -2.1000   -2.1000   -2.0000   -2.0000   -2.0000   -2.0000
1.00000   1.00000   1.00000   1.00000   1.00000   1.00000   1.00000   1.00000
1 1 1
2 2 2
0.00000   0.00000   1.00000   1.00000
0.00000   0.00000   1.00000   1.00000
0.00000   0.00000   1.00000   1.00000
0.0000   5.0000   0.0000   5.0000   0.0000   5.0000   0.0000   5.0000
-1.1000   -1.1000   -1.0000   -1.0000   -1.1000   -1.1000    -1.000   -1.000
-2.1000   -2.1000   -2.0000   -2.0000     2.1000       2.1000      2.000   2.000
1.00000   1.00000   1.00000   1.00000   1.00000   1.00000   1.00000   1.00000
1 1 1
2 2 2
0.00000   0.00000   1.00000   1.00000
0.00000   0.00000   1.00000   1.00000
0.00000   0.00000   1.00000   1.00000
5.00000   6.00000   5.00000   6.00000   5.0000   6.00000   5.0000   6.0000
-1.0000   -1.0000   1.00000   1.0000   -1.0000   -1.0000   1.0000   1.0000
-2.0000   -2.0000   -2.0000   -2.0000   2.0000   2.00000   2.0000   2.0000
1.00000   1.00000   1.00000   1.00000   1.00000   1.0000   1.0000   1.00000
1 1 1
2 2 2
0.00000   0.00000   1.00000   1.00000
0.00000   0.00000   1.00000   1.00000
0.00000   0.00000   1.00000   1.00000
5.00000   6.00000   5.00000   6.00000   5.0000   6.00000   5.0000   6.0000
-1.0000   -1.0000   1.0000   1.0000   -1.1000   -1.1000   1.1000   1.1000
2.0000   2.0000   2.0000   2.0000   2.1000   2.1000   2.1000   2.1000
1.00000   1.00000   1.00000   1.00000   1.00000   1.00000   1.00000   1.00000
1 1 1
2 2 2
0.00000   0.00000   1.00000   1.00000
0.00000   0.00000   1.00000   1.00000
0.00000   0.00000   1.00000   1.00000
5.00000   6.00000   5.00000   6.00000   5.0000   6.00000   5.0000   6.0000
1.0000   1.0000   1.1000   1.1000   1.0000   1.0000   1.1000   1.1000
-2.0000   -2.0000   -2.1000   -2.1000   2.000   2.0000   2.1000   2.1000
1.00000   1.00000   1.00000   1.00000   1.00000   1.00000   1.00000   1.00000
1 1 1
2 2 2
0.00000   0.00000   1.00000   1.00000
0.00000   0.00000   1.00000   1.00000
0.00000   0.00000   1.00000   1.00000
5.00000   6.00000   5.00000   6.00000   5.0000   6.00000   5.0000   6.0000
-1.1000   -1.1000   1.1000   1.1000   -1.0000   -1.0000   1.000   1.000
-2.1000   -2.1000   -2.1000   -2.1000   -2.0000   -2.0000   -2.0000   -2.0000
1.00000   1.00000   1.00000   1.00000   1.00000   1.00000   1.00000   1.00000
1 1 1
2 2 2
0.00000   0.00000   1.00000   1.00000
0.00000   0.00000   1.00000   1.00000
0.00000   0.00000   1.00000   1.00000
5.00000   6.00000   5.00000   6.00000   5.0000   6.00000   5.0000   6.0000
-1.1000   -1.1000   -1.0000   -1.0000   -1.1000   -1.1000    -1.000   -1.000
-2.1000   -2.1000   -2.0000   -2.0000     2.1000       2.1000      2.000   2.000
1.00000   1.00000   1.00000   1.00000   1.00000   1.00000   1.00000   1.00000
1 1 1
2 2 2
0.00000   0.00000   1.00000   1.00000
0.00000   0.00000   1.00000   1.00000
0.00000   0.00000   1.00000   1.00000
-1.00000   0.00000  -1.00000   0.00000   -1.0000   0.00000   -1.0000   0.0000
-1.0000   -1.0000   1.00000   1.0000   -1.0000   -1.0000   1.0000   1.0000
-2.0000   -2.0000   -2.0000   -2.0000   2.0000   2.00000   2.0000   2.0000
1.00000   1.00000   1.00000   1.00000   1.00000   1.0000   1.0000   1.00000
1 1 1
2 2 2
0.00000   0.00000   1.00000   1.00000
0.00000   0.00000   1.00000   1.00000
0.00000   0.00000   1.00000   1.00000
-1.00000   0.00000  -1.00000   0.00000   -1.0000   0.00000   -1.0000   0.0000
-1.0000   -1.0000   1.0000   1.0000   -1.1000   -1.1000   1.1000   1.1000
2.0000   2.0000   2.0000   2.0000   2.1000   2.1000   2.1000   2.1000
1.00000   1.00000   1.00000   1.00000   1.00000   1.00000   1.00000   1.00000
1 1 1
2 2 2
0.00000   0.00000   1.00000   1.00000
0.00000   0.00000   1.00000   1.00000
0.00000   0.00000   1.00000   1.00000
-1.00000   0.00000  -1.00000   0.00000   -1.0000   0.00000   -1.0000   0.0000
1.0000   1.0000   1.1000   1.1000   1.0000   1.0000   1.1000   1.1000
-2.0000   -2.0000   -2.1000   -2.1000   2.000   2.0000   2.1000   2.1000
1.00000   1.00000   1.00000   1.00000   1.00000   1.00000   1.00000   1.00000
1 1 1
2 2 2
0.00000   0.00000   1.00000   1.00000
0.00000   0.00000   1.00000   1.00000
0.00000   0.00000   1.00000   1.00000
-1.00000   0.00000  -1.00000   0.00000   -1.0000   0.00000   -1.0000   0.0000
-1.1000   -1.1000   1.1000   1.1000   -1.0000   -1.0000   1.000   1.000
-2.1000   -2.1000   -2.1000   -2.1000   -2.0000   -2.0000   -2.0000   -2.0000
1.00000   1.00000   1.00000   1.00000   1.00000   1.00000   1.00000   1.00000
1 1 1
2 2 2
0.00000   0.00000   1.00000   1.00000
0.00000   0.00000   1.00000   1.00000
0.00000   0.00000   1.00000   1.00000
-1.00000   0.00000  -1.00000   0.00000   -1.0000   0.00000   -1.0000   0.0000
-1.1000   -1.1000   -1.0000   -1.0000   -1.1000   -1.1000    -1.000   -1.000
-2.1000   -2.1000   -2.0000   -2.0000     2.1000       2.1000      2.000   2.000
1.00000   1.00000   1.00000   1.00000   1.00000   1.00000   1.00000   1.00000
INTERFACE 1
1 3
5 4
1 1 1
INTERFACE 2
1 4
3 3
1 1 1
INTERFACE 3
1 5
4 6
1 1 1
INTERFACE 4
1 6
2 5
1 1 1
INTERFACE 5
2 3
5 6
1 1 1
INTERFACE 6
2 4
3 6
1 1 1
INTERFACE 7
3 5
4 4
1 1 1
INTERFACE 8
4 3
5 5
1 1 1
INTERFACE 9
6 3
10 4
1 1 1
INTERFACE 10
6 4
8 3
1 1 1
INTERFACE 11
6 5
9 6
1 1 1
INTERFACE 12
6 6
7 5
1 1 1
INTERFACE 13
7 3
10 6
1 1 1
INTERFACE 14
7 4
8 6
1 1 1
INTERFACE 15
8 5
9 4
1 1 1
INTERFACE 16
9 3
10 5
1 1 1
INTERFACE 17
11 3
15 4
1 1 1
INTERFACE 18
11 4
13 3
1 1 1
INTERFACE 19
11 5
14 6
1 1 1
INTERFACE 20
11 6
12 5
1 1 1
INTERFACE 21
12 3
15 6
1 1 1
INTERFACE 22
12 4
13 6
1 1 1
INTERFACE 23
13 5
14 4
1 1 1
INTERFACE 24
14 3
15 5
1 1 1
INTERFACE 25
1 2
6 1
1 1 1
INTERFACE 26
2 2
7 1
1 1 1
INTERFACE 27
3 2
8 1
1 1 1
INTERFACE 28
4 2
9 1
1 1 1
INTERFACE 29
5 2
10 1
1 1 1
INTERFACE 30
1 1
11 2
1 1 1
INTERFACE 31
2 1
12 2
1 1 1
INTERFACE 32
3 1
13 2
1 1 1
INTERFACE 33
4 1
14 2
1 1 1
INTERFACE 34
5 1
15 2
1 1 1
BOUNDARY 1
5
11 1
12 1
13 1
14 1
15 1
BOUNDARY 2
5
6 2
7 2
8 2
9 2
10 2
