# nurbs mesh v.2.1
#
# 24-Jun-2015
#
 3 3 3 2 1
PATCH 1 
   1   1   1
   2   2   2
0.0000000   0.0000000   1.0000000   1.0000000   
0.0000000   0.0000000   1.0000000   1.0000000   
0.0000000   0.0000000   1.0000000   1.0000000   
-1.000000000000000   0.000000000000000   -1.000000000000000   0.000000000000000   -1.000000000000000   0.000000000000000   -1.000000000000000   0.000000000000000   
-1.000000000000000   -1.000000000000000   0.000000000000000   0.000000000000000   -1.000000000000000   -1.000000000000000   0.000000000000000   0.000000000000000   
0.000000000000000   0.000000000000000   0.000000000000000   0.000000000000000   1.000000000000000   1.000000000000000   1.000000000000000   1.000000000000000   
1.000000000000000   1.000000000000000   1.000000000000000   1.000000000000000   1.000000000000000   1.000000000000000   1.000000000000000   1.000000000000000   
PATCH 2 
   1   1   1
   2   2   2
0.0000000   0.0000000   1.0000000   1.0000000   
0.0000000   0.0000000   1.0000000   1.0000000   
0.0000000   0.0000000   1.0000000   1.0000000   
-1.000000000000000   0.000000000000000   -1.000000000000000   0.000000000000000   -1.000000000000000   0.000000000000000   -1.000000000000000   0.000000000000000   
0.000000000000000   0.000000000000000   1.000000000000000   1.000000000000000   0.000000000000000   0.000000000000000   1.000000000000000   1.000000000000000   
0.000000000000000   0.000000000000000   0.000000000000000   0.000000000000000   1.000000000000000   1.000000000000000   1.000000000000000   1.000000000000000   
1.000000000000000   1.000000000000000   1.000000000000000   1.000000000000000   1.000000000000000   1.000000000000000   1.000000000000000   1.000000000000000   
PATCH 3 
   1   1   1
   2   2   2
0.0000000   0.0000000   1.0000000   1.0000000   
0.0000000   0.0000000   1.0000000   1.0000000   
0.0000000   0.0000000   1.0000000   1.0000000   
0.000000000000000   1.000000000000000   0.000000000000000   1.000000000000000   0.000000000000000   1.000000000000000   0.000000000000000   1.000000000000000   
0.000000000000000   0.000000000000000   1.000000000000000   1.000000000000000   0.000000000000000   0.000000000000000   1.000000000000000   1.000000000000000   
0.000000000000000   0.000000000000000   0.000000000000000   0.000000000000000   1.000000000000000   1.000000000000000   1.000000000000000   1.000000000000000   
1.000000000000000   1.000000000000000   1.000000000000000   1.000000000000000   1.000000000000000   1.000000000000000   1.000000000000000   1.000000000000000   
INTERFACE 1 
1 4 
2 3 
1 1 1 
INTERFACE 2 
2 2 
3 1 
1 1 1 
SUBDOMAIN 1 
1 2 3 
BOUNDARY 1 
1 
1 2 
BOUNDARY 2 
1 
3 3 
BOUNDARY 3 
1 
1 3 
BOUNDARY 4 
1 
3 2 
BOUNDARY 5 
2 
1 1 
2 1 
BOUNDARY 6 
2 
2 4 
3 4 
BOUNDARY 7 
3 
1 5 
2 5 
3 5 
BOUNDARY 8 
3 
1 6 
2 6 
3 6 
