# nurbs mesh v.2.1
#
# 20-Jun-2024
#
2 2 8 13 0 
PATCH 1 
1 1 
2 2 
0.000000000000000   0.000000000000000   1.000000000000000   1.000000000000000   
0.000000000000000   0.000000000000000   1.000000000000000   1.000000000000000   
0.000000000000000   1.000000000000000   -0.333333333333333   0.666666666666667   
0.000000000000000   0.000000000000000   0.333333333333333   0.333333333333333   
1.000000000000000   1.000000000000000   1.000000000000000   1.000000000000000   
PATCH 2 
1 1 
2 2 
0.000000000000000   0.000000000000000   1.000000000000000   1.000000000000000   
0.000000000000000   0.000000000000000   1.000000000000000   1.000000000000000   
0.000000000000000   0.000000000000000   -0.333333333333333   -0.333333333333333   
0.000000000000000   -1.000000000000000   0.333333333333333   -0.666666666666667   
1.000000000000000   1.000000000000000   1.000000000000000   1.000000000000000   
PATCH 3 
1 1 
2 2 
0.000000000000000   0.000000000000000   1.000000000000000   1.000000000000000   
0.000000000000000   0.000000000000000   1.000000000000000   1.000000000000000   
-0.333333333333333   0.000000000000000   -0.666666666666667   -1.000000000000000   
-0.666666666666667   -1.000000000000000   -0.666666666666667   -1.000000000000000   
1.000000000000000   1.000000000000000   1.000000000000000   1.000000000000000   
PATCH 4 
1 1 
2 2 
0.000000000000000   0.000000000000000   1.000000000000000   1.000000000000000   
0.000000000000000   0.000000000000000   1.000000000000000   1.000000000000000   
-1.000000000000000   -1.000000000000000   -0.666666666666667   -0.666666666666667   
-1.000000000000000   1.000000000000000   -0.666666666666667   0.666666666666667   
1.000000000000000   1.000000000000000   1.000000000000000   1.000000000000000   
PATCH 5 
1 1 
2 2 
0.000000000000000   0.000000000000000   1.000000000000000   1.000000000000000   
0.000000000000000   0.000000000000000   1.000000000000000   1.000000000000000   
-0.666666666666667   -0.666666666666667   -0.333333333333333   -0.333333333333333   
-0.666666666666667   0.666666666666667   -0.666666666666667   0.333333333333333   
1.000000000000000   1.000000000000000   1.000000000000000   1.000000000000000   
PATCH 6 
1 1 
2 2 
0.000000000000000   0.000000000000000   1.000000000000000   1.000000000000000   
0.000000000000000   0.000000000000000   1.000000000000000   1.000000000000000   
-0.666666666666667   0.666666666666667   -0.333333333333333   0.666666666666667   
0.666666666666667   0.666666666666667   0.333333333333333   0.333333333333333   
1.000000000000000   1.000000000000000   1.000000000000000   1.000000000000000   
PATCH 7 
1 1 
2 2 
0.000000000000000   0.000000000000000   1.000000000000000   1.000000000000000   
0.000000000000000   0.000000000000000   1.000000000000000   1.000000000000000   
-1.000000000000000   1.000000000000000   -0.666666666666667   0.666666666666667   
1.000000000000000   1.000000000000000   0.666666666666667   0.666666666666667   
1.000000000000000   1.000000000000000   1.000000000000000   1.000000000000000   
PATCH 8 
1 1 
2 2 
0.000000000000000   0.000000000000000   1.000000000000000   1.000000000000000   
0.000000000000000   0.000000000000000   1.000000000000000   1.000000000000000   
0.666666666666667   0.666666666666667   1.000000000000000   1.000000000000000   
0.333333333333333   0.666666666666667   0.000000000000000   1.000000000000000   
1.000000000000000   1.000000000000000   1.000000000000000   1.000000000000000   
INTERFACE 1 
1 1 
2 1 
1 
INTERFACE 2 
1 2 
8 1 
-1 
INTERFACE 3 
1 4 
6 4 
1 
INTERFACE 4 
2 2 
3 3 
-1 
INTERFACE 5 
2 4 
5 4 
-1 
INTERFACE 6 
3 1 
5 1 
-1 
INTERFACE 7 
3 4 
4 1 
-1 
INTERFACE 8 
4 2 
7 1 
1 
INTERFACE 9 
4 4 
5 3 
1 
INTERFACE 10 
5 2 
6 1 
1 
INTERFACE 11 
6 2 
8 3 
-1 
INTERFACE 12 
6 3 
7 4 
1 
INTERFACE 13 
7 2 
8 2 
-1 
BOUNDARY 1 
1 
2 3 
BOUNDARY 2 
1 
1 3 
BOUNDARY 3 
1 
3 2 
BOUNDARY 4 
1 
4 3 
BOUNDARY 5 
1 
7 3 
BOUNDARY 6 
1 
8 4 
