# nurbs mesh v.2.1
#
# 20-Jun-2024
#
2 3 4 4 0 
PATCH 1 
2 2 
3 3 
0.000000000000000   0.000000000000000   0.000000000000000   1.000000000000000   1.000000000000000   1.000000000000000   
0.000000000000000   0.000000000000000   0.000000000000000   1.000000000000000   1.000000000000000   1.000000000000000   
-1.000000000000000   -0.500000000000000   0.000000000000000   -1.000000000000000   -0.500000000000000   0.000000000000000   -1.000000000000000   -0.500000000000000   0.000000000000000   
-1.000000000000000   -1.000000000000000   -1.000000000000000   -0.500000000000000   -0.500000000000000   -0.500000000000000   0.000000000000000   0.000000000000000   0.000000000000000   
-1.000000000000000   0.000000000000000   0.000000000000000   0.000000000000000   1.000000000000000   1.000000000000000   0.000000000000000   1.000000000000000   1.000000000000000   
1.000000000000000   1.000000000000000   1.000000000000000   1.000000000000000   1.000000000000000   1.000000000000000   1.000000000000000   1.000000000000000   1.000000000000000   
PATCH 2 
2 2 
3 3 
0.000000000000000   0.000000000000000   0.000000000000000   1.000000000000000   1.000000000000000   1.000000000000000   
0.000000000000000   0.000000000000000   0.000000000000000   1.000000000000000   1.000000000000000   1.000000000000000   
0.000000000000000   0.500000000000000   1.000000000000000   0.000000000000000   0.500000000000000   1.000000000000000   0.000000000000000   0.500000000000000   1.000000000000000   
-1.000000000000000   -1.000000000000000   -1.000000000000000   -0.500000000000000   -0.500000000000000   -0.500000000000000   0.000000000000000   0.000000000000000   0.000000000000000   
0.000000000000000   0.000000000000000   -1.000000000000000   1.000000000000000   1.000000000000000   0.000000000000000   1.000000000000000   1.000000000000000   0.000000000000000   
1.000000000000000   1.000000000000000   1.000000000000000   1.000000000000000   1.000000000000000   1.000000000000000   1.000000000000000   1.000000000000000   1.000000000000000   
PATCH 3 
2 2 
3 3 
0.000000000000000   0.000000000000000   0.000000000000000   1.000000000000000   1.000000000000000   1.000000000000000   
0.000000000000000   0.000000000000000   0.000000000000000   1.000000000000000   1.000000000000000   1.000000000000000   
-1.000000000000000   -0.500000000000000   0.000000000000000   -1.000000000000000   -0.500000000000000   0.000000000000000   -1.000000000000000   -0.500000000000000   0.000000000000000   
0.000000000000000   0.000000000000000   0.000000000000000   0.500000000000000   0.500000000000000   0.500000000000000   1.000000000000000   1.000000000000000   1.000000000000000   
0.000000000000000   1.000000000000000   1.000000000000000   0.000000000000000   1.000000000000000   1.000000000000000   -1.000000000000000   0.000000000000000   0.000000000000000   
1.000000000000000   1.000000000000000   1.000000000000000   1.000000000000000   1.000000000000000   1.000000000000000   1.000000000000000   1.000000000000000   1.000000000000000   
PATCH 4 
2 2 
3 3 
0.000000000000000   0.000000000000000   0.000000000000000   1.000000000000000   1.000000000000000   1.000000000000000   
0.000000000000000   0.000000000000000   0.000000000000000   1.000000000000000   1.000000000000000   1.000000000000000   
0.000000000000000   0.500000000000000   1.000000000000000   0.000000000000000   0.500000000000000   1.000000000000000   0.000000000000000   0.500000000000000   1.000000000000000   
0.000000000000000   0.000000000000000   0.000000000000000   0.500000000000000   0.500000000000000   0.500000000000000   1.000000000000000   1.000000000000000   1.000000000000000   
1.000000000000000   1.000000000000000   0.000000000000000   1.000000000000000   1.000000000000000   0.000000000000000   0.000000000000000   0.000000000000000   -1.000000000000000   
1.000000000000000   1.000000000000000   1.000000000000000   1.000000000000000   1.000000000000000   1.000000000000000   1.000000000000000   1.000000000000000   1.000000000000000   
INTERFACE 1 
1 2 
2 1 
1 
INTERFACE 2 
1 4 
3 3 
1 
INTERFACE 3 
2 4 
4 3 
1 
INTERFACE 4 
3 2 
4 1 
1 
BOUNDARY 1 
1 
1 1 
BOUNDARY 2 
1 
1 3 
BOUNDARY 3 
1 
2 2 
BOUNDARY 4 
1 
2 3 
BOUNDARY 5 
1 
3 1 
BOUNDARY 6 
1 
3 4 
BOUNDARY 7 
1 
4 2 
BOUNDARY 8 
1 
4 4 
