# nurbs mesh v.2.1
#
# 30-Nov-2022
#
2 2 6 8 0 
PATCH 1 
3 3 
8 8 
0.000000000000000   0.000000000000000   0.000000000000000   0.000000000000000   0.333333333333333   0.333333333333333   0.666666666666667   0.666666666666667   1.000000000000000   1.000000000000000   1.000000000000000   1.000000000000000   
0.000000000000000   0.000000000000000   0.000000000000000   0.000000000000000   0.333333333333333   0.333333333333333   0.666666666666667   0.666666666666667   1.000000000000000   1.000000000000000   1.000000000000000   1.000000000000000   
-0.000524577224259   0.000890921375225   -0.000314303727715   -0.000181916694804   0.001155695441047   -0.000577743477655   -0.003648794532210   -0.000792334380928   0.556071101069962   0.537180268327214   0.515931468128907   0.476502217464817   0.459995956417138   0.426448662461316   0.404879980278770   0.386648105692630   1.111244166025468   1.073351464699283   1.036001000000000   0.959812000000000   0.922982000000000   0.850288000000000   0.816543323807520   0.779058917314115   2.222075558060858   2.148788045085385   2.074666000000000   1.926175000000000   1.851030000000000   1.701246000000000   1.627615303667837   1.556082811100887   2.777733885140741   2.686519351368553   2.593830000000000   2.407641000000000   2.314191000000000   2.123402000000000   2.027458387624256   1.940695893266174   3.888769358340813   3.761241553031057   3.632957000000000   3.374940000000000   3.243285000000000   2.976724000000000   2.840017889220887   2.718594909326371   4.444146504461003   4.296918541030871   4.150956405898439   3.860054802630312   3.710083037563233   3.401993046977611   3.254929315044258   3.111880843221280   5.000515733324972   4.832044089422875   4.664569314029025   4.331222983929321   4.165351429223466   3.832746412920076   3.666012951322541   3.500054578318681   
-0.000549433269549   0.556108276751005   1.111271797354980   2.221970470961376   2.777505623963799   3.889177343716622   4.445313910467022   5.000168892486999   0.000963678419514   0.537105700191364   1.073284802766365   2.149077180754275   2.686427561311775   3.760266486903394   4.297607662806878   4.833788260213623   -0.000271993833774   0.515904171749987   1.036005000000000   2.074664000000000   2.593824000000000   3.632927000000000   4.149573924554661   4.665116167734086   -0.000379971430298   0.476964145898516   0.959800000000000   1.926154000000000   2.407592000000000   3.374879000000000   3.859762637990361   4.330918689757656   0.000747723226464   0.459817660962782   0.922955000000000   1.850958000000000   2.314095000000000   3.243142000000000   3.710412177411696   4.165393304260760   0.000075526322249   0.424880793943525   0.850194000000000   1.701097000000000   2.123182000000000   2.976477000000000   3.401757307046443   3.832911428589880   -0.001724365238729   0.405961082724563   0.814418255641754   1.627039272622959   2.027881663992420   2.839918151114283   3.254499293909130   3.665954938415894   -0.001261542252103   0.389316601452741   0.779907263284673   1.555628008473242   1.940758091829877   2.718864116410736   3.111840057634958   3.500013253078698   
1.000000000000000   1.000000000000000   1.000000000000000   1.000000000000000   1.000000000000000   1.000000000000000   1.000000000000000   1.000000000000000   1.000000000000000   1.000000000000000   1.000000000000000   1.000000000000000   1.000000000000000   1.000000000000000   1.000000000000000   1.000000000000000   1.000000000000000   1.000000000000000   1.000000000000000   1.000000000000000   1.000000000000000   1.000000000000000   1.000000000000000   1.000000000000000   1.000000000000000   1.000000000000000   1.000000000000000   1.000000000000000   1.000000000000000   1.000000000000000   1.000000000000000   1.000000000000000   1.000000000000000   1.000000000000000   1.000000000000000   1.000000000000000   1.000000000000000   1.000000000000000   1.000000000000000   1.000000000000000   1.000000000000000   1.000000000000000   1.000000000000000   1.000000000000000   1.000000000000000   1.000000000000000   1.000000000000000   1.000000000000000   1.000000000000000   1.000000000000000   1.000000000000000   1.000000000000000   1.000000000000000   1.000000000000000   1.000000000000000   1.000000000000000   1.000000000000000   1.000000000000000   1.000000000000000   1.000000000000000   1.000000000000000   1.000000000000000   1.000000000000000   1.000000000000000   
PATCH 2 
3 3 
8 8 
0.000000000000000   0.000000000000000   0.000000000000000   0.000000000000000   0.333333333333333   0.333333333333333   0.666666666666667   0.666666666666667   1.000000000000000   1.000000000000000   1.000000000000000   1.000000000000000   
0.000000000000000   0.000000000000000   0.000000000000000   0.000000000000000   0.333333333333333   0.333333333333333   0.666666666666667   0.666666666666667   1.000000000000000   1.000000000000000   1.000000000000000   1.000000000000000   
5.000515733324972   4.832044089422875   4.664569314029025   4.331222983929321   4.165351429223466   3.832746412920076   3.666012951322541   3.500054578318681   5.556884962188942   5.363171513086640   5.169719849134548   4.783231279149025   4.595643664861030   4.227621255681567   4.033910264873601   3.833377621458991   6.114246273796690   5.899224555848787   5.677173000000000   5.242318000000000   5.030509000000000   4.601894000000000   4.382012154989861   4.152956723342638   7.217942185980933   6.968171003051037   6.693215000000000   6.159557000000000   5.892878000000000   5.361997000000000   5.097642712803562   4.825330886888807   7.764276786557422   7.486866147687816   7.200309000000000   6.618518000000000   6.326534000000000   5.751704000000000   5.468895285872255   5.178125948551330   8.897058688103412   8.543839690456950   8.234724000000000   7.549803000000000   7.189648000000000   6.507249000000000   6.171805555537355   5.848563439293655   9.483505989072912   9.103701413232059   8.747805604110345   8.016086151379218   7.646175604863099   6.844968326668755   6.517708364361596   6.166205868373454   10.011997235708732   9.616925682867507   9.225414124180467   8.444584184341972   8.055265803190512   7.278218968308630   6.890490514578203   6.499630267631153   
-0.001261542252103   0.389316601452741   0.779907263284673   1.555628008473242   1.940758091829877   2.718864116410736   3.111840057634958   3.500013253078698   -0.000798719265477   0.422904002879054   0.847070214288909   1.689681078816752   2.113103838428090   2.977934783074371   3.410473215974036   3.833360518238513   0.001926818268753   0.452189709227037   0.907819000000000   1.830252000000000   2.295962000000000   3.233350000000000   3.695006995562982   4.152734742019705   0.008354951812915   0.498609361146836   1.047155000000000   2.121785000000000   2.673702000000000   3.762585000000000   4.296145537310030   4.825528839467654   0.012057547822846   0.555519611768598   1.100072000000000   2.266825000000000   2.862055000000000   4.042084000000000   4.624443894174040   5.178948713134411   -0.012866737821639   0.703434426195797   1.297224000000000   2.659945000000000   3.329941000000000   4.618242000000000   5.267286683960324   5.848644525975830   -0.041493619476055   0.682833984028862   1.503463855053086   2.923506430684379   3.552075327106882   4.967008052686608   5.550189246432916   6.164920465150493   0.493572024530569   1.147532956974599   1.842393720208356   3.192749024615153   3.848243565788192   5.166610943586638   5.829483780212043   6.498532692341239   
1.000000000000000   1.000000000000000   1.000000000000000   1.000000000000000   1.000000000000000   1.000000000000000   1.000000000000000   1.000000000000000   1.000000000000000   1.000000000000000   1.000000000000000   1.000000000000000   1.000000000000000   1.000000000000000   1.000000000000000   1.000000000000000   1.000000000000000   1.000000000000000   1.000000000000000   1.000000000000000   1.000000000000000   1.000000000000000   1.000000000000000   1.000000000000000   1.000000000000000   1.000000000000000   1.000000000000000   1.000000000000000   1.000000000000000   1.000000000000000   1.000000000000000   1.000000000000000   1.000000000000000   1.000000000000000   1.000000000000000   1.000000000000000   1.000000000000000   1.000000000000000   1.000000000000000   1.000000000000000   1.000000000000000   1.000000000000000   1.000000000000000   1.000000000000000   1.000000000000000   1.000000000000000   1.000000000000000   1.000000000000000   1.000000000000000   1.000000000000000   1.000000000000000   1.000000000000000   1.000000000000000   1.000000000000000   1.000000000000000   1.000000000000000   1.000000000000000   1.000000000000000   1.000000000000000   1.000000000000000   1.000000000000000   1.000000000000000   1.000000000000000   1.000000000000000   
PATCH 3 
3 3 
8 8 
0.000000000000000   0.000000000000000   0.000000000000000   0.000000000000000   0.333333333333333   0.333333333333333   0.666666666666667   0.666666666666667   1.000000000000000   1.000000000000000   1.000000000000000   1.000000000000000   
0.000000000000000   0.000000000000000   0.000000000000000   0.000000000000000   0.333333333333333   0.333333333333333   0.666666666666667   0.666666666666667   1.000000000000000   1.000000000000000   1.000000000000000   1.000000000000000   
6.499630267631153   6.777483933679235   7.022593659066570   7.571870403498373   7.876037422542844   8.451406695719355   8.722608949851393   9.000424733813372   6.890490514578203   7.103647478114563   7.308732082227963   7.868816804913675   8.184545825265866   8.764681105896161   9.078278667815244   9.446200701053138   7.278218968308630   7.504974890480622   7.707134000000000   8.202054000000000   8.457682999999999   9.088398000000000   9.452546389302446   9.896971401965361   8.055265803190512   8.237608202729962   8.450092000000000   8.841134000000000   9.031407000000000   9.736731000000001   10.230770746532052   10.793247781718758   8.444584184341972   8.663884520060520   8.834535000000001   9.167608000000000   9.334486000000000   10.059049999999999   10.602335117563083   11.238753460559932   9.225414124180467   9.570593633162158   9.680066000000000   9.823988999999999   9.818391000000000   10.638303000000001   11.306833272439777   12.115408659217648   9.616925682867507   10.056423293550843   10.101439932477710   10.148303512359906   10.019128556625580   10.776613722594908   11.639848284439081   12.546558179034186   10.011997235708732   10.540488482344553   10.586582960603865   10.459770625910895   10.286863812958606   11.043097464631233   11.972237929256147   13.011385386561074   
6.498532692341239   6.776542881666860   7.022507421910204   7.571141221437773   7.873810480722000   8.449426191779152   8.722372643552072   9.000130427091907   5.829483780212043   6.255998058570890   6.590756333003190   7.237822230288628   7.601633416918697   8.294575564083960   8.580326297854686   8.831587005843588   5.166610943586638   5.611868368968750   6.074879000000000   6.910491000000000   7.373786000000000   8.122790000000000   8.423914899046714   8.650500139505507   3.848243565788192   4.455840066597895   4.996953000000000   6.206679000000000   6.852805000000000   7.796005000000000   8.096149956909189   8.292997312537116   3.192749024615153   3.762728345788622   4.424093000000000   5.806057000000000   6.562814000000000   7.615157000000000   7.943838695471247   8.116581351906813   1.842393720208356   2.385289996232736   3.153263000000000   4.898824000000000   5.953903000000000   7.310550000000000   7.675607159066142   7.798525934222362   1.147532956974599   1.718006974278041   2.432464699642578   4.395417758903148   5.678577264269380   7.204037184494741   7.568840378183523   7.656886477168218   0.493572024530569   1.028637668537193   1.766786397310947   3.895320216802044   5.285705307519386   7.074486808918657   7.472883219600586   7.496454961984613   
1.000000000000000   1.000000000000000   1.000000000000000   1.000000000000000   1.000000000000000   1.000000000000000   1.000000000000000   1.000000000000000   1.000000000000000   1.000000000000000   1.000000000000000   1.000000000000000   1.000000000000000   1.000000000000000   1.000000000000000   1.000000000000000   1.000000000000000   1.000000000000000   1.000000000000000   1.000000000000000   1.000000000000000   1.000000000000000   1.000000000000000   1.000000000000000   1.000000000000000   1.000000000000000   1.000000000000000   1.000000000000000   1.000000000000000   1.000000000000000   1.000000000000000   1.000000000000000   1.000000000000000   1.000000000000000   1.000000000000000   1.000000000000000   1.000000000000000   1.000000000000000   1.000000000000000   1.000000000000000   1.000000000000000   1.000000000000000   1.000000000000000   1.000000000000000   1.000000000000000   1.000000000000000   1.000000000000000   1.000000000000000   1.000000000000000   1.000000000000000   1.000000000000000   1.000000000000000   1.000000000000000   1.000000000000000   1.000000000000000   1.000000000000000   1.000000000000000   1.000000000000000   1.000000000000000   1.000000000000000   1.000000000000000   1.000000000000000   1.000000000000000   1.000000000000000   
PATCH 4 
3 3 
8 8 
0.000000000000000   0.000000000000000   0.000000000000000   0.000000000000000   0.333333333333333   0.333333333333333   0.666666666666667   0.666666666666667   1.000000000000000   1.000000000000000   1.000000000000000   1.000000000000000   
0.000000000000000   0.000000000000000   0.000000000000000   0.000000000000000   0.333333333333333   0.333333333333333   0.666666666666667   0.666666666666667   1.000000000000000   1.000000000000000   1.000000000000000   1.000000000000000   
9.000424733813372   8.832464550535585   8.665972293671526   8.333350557138495   8.167221077469522   7.832055346255737   7.663019094710931   7.497869323972580   9.446200701053138   9.302958342182736   9.167158866757141   8.912834699470229   8.778096588786099   8.478832333332894   8.310345851050373   8.121952390660756   9.896971401965361   9.767579154106080   9.641442000000000   9.413301000000001   9.301876000000000   9.036213000000000   8.898109112211854   8.716756396773622   10.793247781718758   10.651415857730679   10.576582999999999   10.414116999999999   10.332606999999999   10.142944000000000   10.040550597022010   9.933848240691859   11.238753460559932   11.108035372067633   11.043013000000000   10.920389000000000   10.854734000000001   10.710418000000001   10.634003325296003   10.556136078497232   12.115408659217648   12.061603849175913   12.015010999999999   11.957814000000001   11.925755000000001   11.852790000000001   11.820303276197928   11.783126108416598   12.546558179034186   12.519900675747053   12.505501643260907   12.481301211696808   12.466064792892132   12.426074333794398   12.405488207962517   12.387828300530588   13.011385386561074   13.000444444940884   13.000023419044782   13.000301890506988   13.001001387865287   13.000275690393147   12.998850495562705   12.999880069320856   
9.000130427091907   9.446431631880062   9.889196767872127   10.777593982174130   11.223226060484079   12.114152900187337   12.559447661580659   13.001149883840933   8.831587005843588   9.309510304012992   9.768616040041389   10.640120699687870   11.091905688283253   12.042539854055857   12.519335499539249   12.993577813162968   8.650500139505507   9.162432836027564   9.640369000000000   10.570940999999999   11.034663999999999   12.006195000000000   12.501892481921892   12.998526552209718   8.292997312537116   8.885359939350275   9.399984999999999   10.413660999999999   10.919064000000001   11.957248000000000   12.480972508272190   13.002093422489555   8.116581351906813   8.732278274495144   9.275131000000000   10.330273999999999   10.852948000000000   11.925689000000000   12.464614847320927   13.000711553722642   7.798525934222362   8.411737906085968   9.013774000000000   10.139777000000000   10.709148000000001   11.853211999999999   12.427580740112209   12.999093771321801   7.656886477168218   8.274794150617344   8.865244856786624   10.042184405703072   10.633933702344896   11.817101602973578   12.407988933726301   12.998857857687874   7.496454961984613   8.123117060802167   8.727693603480201   9.943627647694820   10.554985149231397   11.777591374140920   12.388840097513864   13.000712644575460   
1.000000000000000   1.000000000000000   1.000000000000000   1.000000000000000   1.000000000000000   1.000000000000000   1.000000000000000   1.000000000000000   1.000000000000000   1.000000000000000   1.000000000000000   1.000000000000000   1.000000000000000   1.000000000000000   1.000000000000000   1.000000000000000   1.000000000000000   1.000000000000000   1.000000000000000   1.000000000000000   1.000000000000000   1.000000000000000   1.000000000000000   1.000000000000000   1.000000000000000   1.000000000000000   1.000000000000000   1.000000000000000   1.000000000000000   1.000000000000000   1.000000000000000   1.000000000000000   1.000000000000000   1.000000000000000   1.000000000000000   1.000000000000000   1.000000000000000   1.000000000000000   1.000000000000000   1.000000000000000   1.000000000000000   1.000000000000000   1.000000000000000   1.000000000000000   1.000000000000000   1.000000000000000   1.000000000000000   1.000000000000000   1.000000000000000   1.000000000000000   1.000000000000000   1.000000000000000   1.000000000000000   1.000000000000000   1.000000000000000   1.000000000000000   1.000000000000000   1.000000000000000   1.000000000000000   1.000000000000000   1.000000000000000   1.000000000000000   1.000000000000000   1.000000000000000   
PATCH 5 
3 3 
8 8 
0.000000000000000   0.000000000000000   0.000000000000000   0.000000000000000   0.333333333333333   0.333333333333333   0.666666666666667   0.666666666666667   1.000000000000000   1.000000000000000   1.000000000000000   1.000000000000000   
0.000000000000000   0.000000000000000   0.000000000000000   0.000000000000000   0.333333333333333   0.333333333333333   0.666666666666667   0.666666666666667   1.000000000000000   1.000000000000000   1.000000000000000   1.000000000000000   
0.510406582527181   1.010276141627941   1.891890416447425   4.018273984765202   5.263043278263498   6.997154408123052   7.486496244484307   7.497869323972580   1.156316458029576   1.713326560889129   2.567068522083118   4.467681748381304   5.605351243164967   7.136833520185578   7.600894100632285   7.663019094710931   1.843396277387022   2.389372894091874   3.168683000000000   4.929300000000000   5.939549000000000   7.324514000000000   7.725155623978194   7.832055346255737   3.188178928108955   3.762126058907622   4.423562000000000   5.802064000000000   6.564092000000000   7.644787000000000   7.988927457669425   8.167221077469522   3.845881759473440   4.450537900620134   4.996322000000000   6.206983000000000   6.851148000000000   7.811719000000000   8.129820695552514   8.333350557138495   5.167250472736974   5.613337162744008   6.073931000000000   6.909156000000000   7.373680000000000   8.126274000000000   8.431455944341479   8.665972293671526   5.830916354636020   6.257041276091458   6.590440283969357   7.237846705874955   7.603156731097676   8.294294331990201   8.578609155082463   8.832464550535585   6.499630267631153   6.777483933679235   7.022593659066570   7.571870403498373   7.876037422542844   8.451406695719355   8.722608949851393   9.000424733813372   
9.999461457299466   10.552179113924106   10.577185440432707   10.559940288526814   10.517688810112329   11.243701856684591   12.011966381671341   13.001149883840933   9.611043769467102   10.059488836527105   10.067807298637080   10.192355868265926   10.188086959440156   10.924236562832551   11.653444871153244   12.559447661580659   9.223095216871027   9.569799487098354   9.686377000000000   9.838100000000001   9.883319000000000   10.651572000000000   11.295549321463955   12.114152900187337   8.444968262941137   8.660907579614047   8.825214000000001   9.162715000000000   9.317045000000000   10.047299000000001   10.584167015535961   11.223226060484079   8.054789861607313   8.237279373274692   8.447523000000000   8.835201000000000   9.029226000000000   9.724311000000000   10.214027541138952   10.777593982174130   7.277091437709152   7.504653045852784   7.705419000000000   8.199792000000000   8.453001000000000   9.082490000000000   9.445760285328953   9.889196767872127   6.889571415144812   7.102221323564430   7.308160757508548   7.867680032719739   8.181268729307513   8.760867538377848   9.077245266380288   9.446431631880062   6.498532692341239   6.776542881666860   7.022507421910204   7.571141221437773   7.873810480722000   8.449426191779152   8.722372643552072   9.000130427091907   
1.000000000000000   1.000000000000000   1.000000000000000   1.000000000000000   1.000000000000000   1.000000000000000   1.000000000000000   1.000000000000000   1.000000000000000   1.000000000000000   1.000000000000000   1.000000000000000   1.000000000000000   1.000000000000000   1.000000000000000   1.000000000000000   1.000000000000000   1.000000000000000   1.000000000000000   1.000000000000000   1.000000000000000   1.000000000000000   1.000000000000000   1.000000000000000   1.000000000000000   1.000000000000000   1.000000000000000   1.000000000000000   1.000000000000000   1.000000000000000   1.000000000000000   1.000000000000000   1.000000000000000   1.000000000000000   1.000000000000000   1.000000000000000   1.000000000000000   1.000000000000000   1.000000000000000   1.000000000000000   1.000000000000000   1.000000000000000   1.000000000000000   1.000000000000000   1.000000000000000   1.000000000000000   1.000000000000000   1.000000000000000   1.000000000000000   1.000000000000000   1.000000000000000   1.000000000000000   1.000000000000000   1.000000000000000   1.000000000000000   1.000000000000000   1.000000000000000   1.000000000000000   1.000000000000000   1.000000000000000   1.000000000000000   1.000000000000000   1.000000000000000   1.000000000000000   
PATCH 6 
3 3 
8 8 
0.000000000000000   0.000000000000000   0.000000000000000   0.000000000000000   0.333333333333333   0.333333333333333   0.666666666666667   0.666666666666667   1.000000000000000   1.000000000000000   1.000000000000000   1.000000000000000   
0.000000000000000   0.000000000000000   0.000000000000000   0.000000000000000   0.333333333333333   0.333333333333333   0.666666666666667   0.666666666666667   1.000000000000000   1.000000000000000   1.000000000000000   1.000000000000000   
-0.000792334380928   0.002064125770354   0.010848097127473   0.001016724610291   -0.017598619264010   -0.012838469855946   0.010537023426419   0.510406582527181   0.386648105692630   0.418505178695388   0.458123810043316   0.513629851786421   0.542735622752528   0.673042817261939   0.704019014189368   1.156316458029576   0.779058917314115   0.843815994074579   0.907977000000000   1.046258000000000   1.099113000000000   1.290064000000000   1.498909344483509   1.843396277387022   1.556082811100887   1.690502362712130   1.830363000000000   2.121464000000000   2.265239000000000   2.656781000000000   2.914435379931253   3.188178928108955   1.940695893266174   2.113745485079309   2.296197000000000   2.673661000000000   2.861507000000000   3.328983000000000   3.553692863749118   3.845881759473440   2.718594909326371   2.977804036495131   3.233519000000000   3.762660000000000   4.041702000000000   4.617943000000000   4.966963630851283   5.167250472736974   3.111880843221280   3.410565385340096   3.695321631875936   4.295995158232415   4.623725029445667   5.267501523146215   5.551791993459347   5.830916354636020   3.500054578318681   3.833377621458991   4.152956723342638   4.825330886888807   5.178125948551330   5.848563439293655   6.166205868373454   6.499630267631153   
5.000168892486999   5.555023874506977   6.108597271796529   7.222946295206089   7.783721921326098   8.895620674060469   9.446743800674826   9.999461457299466   4.833788260213623   5.366112277043502   5.895416267842603   6.957749595670553   7.495016719265086   8.564897157479148   9.089785841256438   9.611043769467102   4.665116167734086   5.171899465205666   5.677088000000000   6.693659000000000   7.200518000000000   8.237510000000000   8.745008683995920   9.223095216871027   4.330918689757656   4.782703204083263   5.242322000000000   6.159660000000000   6.619347000000000   7.550061000000000   8.020221062251881   8.444968262941137   4.165393304260760   4.595288535115395   5.030486000000000   5.892961000000000   6.326963000000000   7.189665000000000   7.645365660197859   8.054789861607313   3.832911428589880   4.227993727598861   4.601895000000000   5.362113000000000   5.752053000000000   6.507820000000000   6.843116285481722   7.277091437709152   3.665954938415894   4.034053453506211   4.381934814346824   5.097532967598037   5.469587249758883   6.172994129228353   6.517450769869725   6.889571415144812   3.500013253078698   3.833360518238513   4.152734742019705   4.825528839467654   5.178948713134411   5.848644525975830   6.164920465150493   6.498532692341239   
1.000000000000000   1.000000000000000   1.000000000000000   1.000000000000000   1.000000000000000   1.000000000000000   1.000000000000000   1.000000000000000   1.000000000000000   1.000000000000000   1.000000000000000   1.000000000000000   1.000000000000000   1.000000000000000   1.000000000000000   1.000000000000000   1.000000000000000   1.000000000000000   1.000000000000000   1.000000000000000   1.000000000000000   1.000000000000000   1.000000000000000   1.000000000000000   1.000000000000000   1.000000000000000   1.000000000000000   1.000000000000000   1.000000000000000   1.000000000000000   1.000000000000000   1.000000000000000   1.000000000000000   1.000000000000000   1.000000000000000   1.000000000000000   1.000000000000000   1.000000000000000   1.000000000000000   1.000000000000000   1.000000000000000   1.000000000000000   1.000000000000000   1.000000000000000   1.000000000000000   1.000000000000000   1.000000000000000   1.000000000000000   1.000000000000000   1.000000000000000   1.000000000000000   1.000000000000000   1.000000000000000   1.000000000000000   1.000000000000000   1.000000000000000   1.000000000000000   1.000000000000000   1.000000000000000   1.000000000000000   1.000000000000000   1.000000000000000   1.000000000000000   1.000000000000000   
INTERFACE 1 
1 2 
6 1 
1 
INTERFACE 2 
1 4 
2 3 
1 
INTERFACE 3 
2 2 
6 4 
1 
INTERFACE 4 
2 4 
3 1 
-1 
INTERFACE 5 
3 2 
4 1 
1 
INTERFACE 6 
3 3 
5 4 
1 
INTERFACE 7 
4 3 
5 2 
-1 
INTERFACE 8 
5 1 
6 2 
1 
BOUNDARY 1 
1 
1 1 
BOUNDARY 2 
1 
1 3 
BOUNDARY 3 
1 
2 1 
BOUNDARY 4 
1 
3 4 
BOUNDARY 5 
1 
4 2 
BOUNDARY 6 
1 
4 4 
BOUNDARY 7 
1 
5 3 
BOUNDARY 8 
1 
6 3 
