# nurbs mesh v.2.1
#
# 16-Sep-2021
#
2 2 3 3 0 
PATCH 1 
3 3 
6 6 
0.000000000000000   0.000000000000000   0.000000000000000   0.000000000000000   0.500000000000000   0.500000000000000   1.000000000000000   1.000000000000000   1.000000000000000   1.000000000000000   
0.000000000000000   0.000000000000000   0.000000000000000   0.000000000000000   0.500000000000000   0.500000000000000   1.000000000000000   1.000000000000000   1.000000000000000   1.000000000000000   
5.666666666666667   5.666666666666667   5.633900000000000   5.439455555555556   5.277777777777778   5.000000000000000   6.208333333333333   6.241900000000000   6.241400000000000   6.147984000092007   6.036044193499551   5.833333333333333   6.777200000000000   6.808500000000000   6.812700000000000   6.782200000000000   6.714700000000000   6.666666666666667   7.999422222222222   7.990148739426865   8.015100000000000   8.061900000000000   8.192500000000001   8.333333333333334   8.652777777777779   8.701866960496190   8.601200000000000   8.699299999999999   8.841500000000000   9.166666666666666   9.250000000000000   9.291666666666666   9.229166666666666   9.333333333333334   9.500000000000000   10.000000000000000   
2.000000000000000   1.416666666666667   0.804900000000000   -0.361766666666667   -0.916666666666667   -1.500000000000000   2.166666666666667   1.506800000000000   0.851500000000000   -0.291639621880354   -0.899855334153224   -1.550000000000000   2.361400000000000   1.667300000000000   1.084600000000000   -0.169500000000000   -0.803900000000000   -1.425000000000000   2.813780952380952   2.170033757091749   1.574200000000000   0.382300000000000   -0.255800000000000   -0.900000000000000   3.071428571428572   2.405795068676388   1.891200000000000   0.724300000000000   0.119600000000000   -0.500000000000000   3.428571428571428   2.785714285714286   2.214285714285714   1.107142857142857   0.571428571428571   0.000000000000000   
1.000000000000000   1.000000000000000   1.000000000000000   1.000000000000000   1.000000000000000   1.000000000000000   1.000000000000000   1.000000000000000   1.000000000000000   1.000000000000000   1.000000000000000   1.000000000000000   1.000000000000000   1.000000000000000   1.000000000000000   1.000000000000000   1.000000000000000   1.000000000000000   1.000000000000000   1.000000000000000   1.000000000000000   1.000000000000000   1.000000000000000   1.000000000000000   1.000000000000000   1.000000000000000   1.000000000000000   1.000000000000000   1.000000000000000   1.000000000000000   1.000000000000000   1.000000000000000   1.000000000000000   1.000000000000000   1.000000000000000   1.000000000000000   
PATCH 2 
3 3 
6 6 
0.000000000000000   0.000000000000000   0.000000000000000   0.000000000000000   0.500000000000000   0.500000000000000   1.000000000000000   1.000000000000000   1.000000000000000   1.000000000000000   
0.000000000000000   0.000000000000000   0.000000000000000   0.000000000000000   0.500000000000000   0.500000000000000   1.000000000000000   1.000000000000000   1.000000000000000   1.000000000000000   
5.666666666666667   6.208333333333333   6.777200000000000   7.999422222222222   8.652777777777779   9.250000000000000   5.111111111111111   5.639155744403569   6.250564194121289   7.658478846315900   8.387925786693820   9.125000000000000   4.564169530533325   5.149800000000000   5.833100000000000   7.248200000000000   7.978800000000000   8.666666666666666   3.453058419422213   4.146219669571138   4.845400000000000   6.228700000000000   6.899100000000000   7.583333333333333   2.888888888888889   3.633748286311416   4.327800000000000   5.711600000000000   6.354700000000000   6.958333333333333   2.333333333333333   3.083333333333333   3.805555555555555   5.194444444444445   5.861111111111111   6.500000000000000   
2.000000000000000   2.166666666666667   2.361400000000000   2.813780952380952   3.071428571428572   3.428571428571428   2.350000000000000   2.592297513146954   2.840248105875064   3.312053453874116   3.623680658333797   4.035714285714286   2.707653301988516   2.991300000000000   3.303500000000000   3.944000000000000   4.303000000000000   4.642857142857143   3.407653301988516   3.898900251230890   4.290600000000000   5.067700000000000   5.395900000000000   5.714285714285714   3.750000000000000   4.277090978635564   4.834800000000000   5.583700000000000   5.927200000000000   6.178571428571429   4.250000000000000   4.825000000000000   5.325000000000000   6.100000000000000   6.375000000000000   6.500000000000000   
1.000000000000000   1.000000000000000   1.000000000000000   1.000000000000000   1.000000000000000   1.000000000000000   1.000000000000000   1.000000000000000   1.000000000000000   1.000000000000000   1.000000000000000   1.000000000000000   1.000000000000000   1.000000000000000   1.000000000000000   1.000000000000000   1.000000000000000   1.000000000000000   1.000000000000000   1.000000000000000   1.000000000000000   1.000000000000000   1.000000000000000   1.000000000000000   1.000000000000000   1.000000000000000   1.000000000000000   1.000000000000000   1.000000000000000   1.000000000000000   1.000000000000000   1.000000000000000   1.000000000000000   1.000000000000000   1.000000000000000   1.000000000000000   
PATCH 3 
3 3 
6 6 
0.000000000000000   0.000000000000000   0.000000000000000   0.000000000000000   0.500000000000000   0.500000000000000   1.000000000000000   1.000000000000000   1.000000000000000   1.000000000000000   
0.000000000000000   0.000000000000000   0.000000000000000   0.000000000000000   0.500000000000000   0.500000000000000   1.000000000000000   1.000000000000000   1.000000000000000   1.000000000000000   
5.666666666666667   5.111111111111111   4.564169530533325   3.453058419422213   2.888888888888889   2.333333333333333   5.666666666666667   5.064140447700447   4.450571739783129   3.253643116398854   2.660104826540696   2.111111111111111   5.633900000000000   4.990821066288887   4.326000000000000   3.047000000000000   2.432800000000000   1.805555555555556   5.439455555555556   4.690337572023205   3.904400000000000   2.433300000000000   1.722900000000000   1.027777777777778   5.277777777777778   4.490038555985794   3.628500000000000   2.064100000000000   1.312000000000000   0.555555555555556   5.000000000000000   4.166666666666667   3.333333333333333   1.666666666666667   0.833333333333333   0.000000000000000   
2.000000000000000   2.350000000000000   2.707653301988516   3.407653301988516   3.750000000000000   4.250000000000000   1.416666666666667   1.783478535111612   2.149553862334488   2.746877848337288   3.049844414866536   3.458333333333333   0.804900000000000   1.190897550616160   1.480500000000000   2.082500000000000   2.394400000000000   2.708333333333333   -0.361766666666667   -0.052514840751322   0.363000000000000   0.856700000000000   1.071800000000000   1.291666666666667   -0.916666666666667   -0.536330245690870   -0.169900000000000   0.271700000000000   0.452900000000000   0.625000000000000   -1.500000000000000   -1.000000000000000   -0.708333333333333   -0.291666666666667   -0.166666666666667   0.000000000000000   
1.000000000000000   1.000000000000000   1.000000000000000   1.000000000000000   1.000000000000000   1.000000000000000   1.000000000000000   1.000000000000000   1.000000000000000   1.000000000000000   1.000000000000000   1.000000000000000   1.000000000000000   1.000000000000000   1.000000000000000   1.000000000000000   1.000000000000000   1.000000000000000   1.000000000000000   1.000000000000000   1.000000000000000   1.000000000000000   1.000000000000000   1.000000000000000   1.000000000000000   1.000000000000000   1.000000000000000   1.000000000000000   1.000000000000000   1.000000000000000   1.000000000000000   1.000000000000000   1.000000000000000   1.000000000000000   1.000000000000000   1.000000000000000   
INTERFACE 1 
1 1 
2 3 
1 
INTERFACE 2 
1 3 
3 1 
1 
INTERFACE 3 
2 1 
3 3 
1 
BOUNDARY 1 
1 
1 2 
BOUNDARY 2 
1 
1 4 
BOUNDARY 3 
1 
2 2 
BOUNDARY 4 
1 
2 4 
BOUNDARY 5 
1 
3 2 
BOUNDARY 6 
1 
3 4 
