# nurbs mesh v.2.1
#
# 13-Nov-2015
#
2 2 4 3 0 
PATCH 1 
1 1 
2 2 
0.0000000   0.0000000   1.0000000   1.0000000   
0.0000000   0.0000000   1.0000000   1.0000000   
-1.000000000000000   1.000000000000000   -1.000000000000000   1.000000000000000   
-0.100000000000000   -0.100000000000000   0.100000000000000   0.100000000000000   
1.000000000000000   1.000000000000000   1.000000000000000   1.000000000000000   
PATCH 2 
1 1 
2 2 
0.0000000   0.0000000   1.0000000   1.0000000   
0.0000000   0.0000000   1.0000000   1.0000000   
1.000000000000000   1.400000000000000   1.000000000000000   1.400000000000000   
-0.100000000000000   -0.010000000000000   0.100000000000000   0.010000000000000   
1.000000000000000   1.000000000000000   1.000000000000000   1.000000000000000   
PATCH 3 
1 2 
2 3 
0.0000000   0.0000000   1.0000000   1.0000000   
0.0000000   0.0000000   0.0000000   1.0000000   1.0000000   1.0000000   
1.000000000000000   1.400000000000000   2.000000000000000   2.000000000000000   3.000000000000000   3.000000000000000   
0.100000000000000   0.010000000000000   0.900000000000000   0.700000000000000   0.900000000000000   0.700000000000000   
1.000000000000000   1.000000000000000   1.000000000000000   1.000000000000000   1.000000000000000   1.000000000000000   
PATCH 4 
2 1 
3 2 
0.0000000   0.0000000   0.0000000   1.0000000   1.0000000   1.0000000   
0.0000000   0.0000000   1.0000000   1.0000000   
1.000000000000000   2.000000000000000   3.000000000000000   1.400000000000000   2.000000000000000   3.000000000000000   
-0.100000000000000   -0.900000000000000   -0.900000000000000   -0.010000000000000   -0.700000000000000   -0.700000000000000   
1.000000000000000   1.000000000000000   1.000000000000000   1.000000000000000   1.000000000000000   1.000000000000000   
INTERFACE 1 
1 2 
2 1 
1 
INTERFACE 2 
2 3 
4 1 
1 
INTERFACE 3 
2 4 
3 3 
1 
BOUNDARY 1 
1
1 1
BOUNDARY 2
7
1 3 
1 4 
2 2 
3 1 
3 2 
4 3 
4 4 
BOUNDARY 3
2
3 4 
4 2 

