# nurbs mesh v.2.1
#
# 13-Nov-2015
#
3 3 3 2 0 
PATCH 1 
2 2 2 
4 4 4 
0.0000000   0.0000000   0.0000000   0.5000000   1.0000000   1.0000000   1.0000000   
0.0000000   0.0000000   0.0000000   0.5000000   1.0000000   1.0000000   1.0000000   
0.0000000   0.0000000   0.0000000   0.5000000   1.0000000   1.0000000   1.0000000   
-0.500000000000000   -0.375000000000000   -0.125000000000000   0.000000000000000   -0.500000000000000   -0.375000000000000   -0.125000000000000   0.000000000000000   -0.500000000000000   -0.375000000000000   -0.125000000000000   0.000000000000000   -0.500000000000000   -0.375000000000000   -0.125000000000000   0.000000000000000   -0.500000000000000   -0.375000000000000   -0.125000000000000   0.000000000000000   -0.500000000000000   -0.375000000000000   -0.125000000000000   0.000000000000000   -0.500000000000000   -0.375000000000000   -0.125000000000000   0.000000000000000   -0.500000000000000   -0.375000000000000   -0.125000000000000   0.000000000000000   -0.500000000000000   -0.375000000000000   -0.125000000000000   0.000000000000000   -0.500000000000000   -0.375000000000000   -0.125000000000000   0.000000000000000   -0.500000000000000   -0.375000000000000   -0.125000000000000   0.000000000000000   -0.500000000000000   -0.375000000000000   -0.125000000000000   0.000000000000000   -0.500000000000000   -0.375000000000000   -0.125000000000000   0.000000000000000   -0.500000000000000   -0.375000000000000   -0.125000000000000   0.000000000000000   -0.500000000000000   -0.375000000000000   -0.125000000000000   0.000000000000000   -0.500000000000000   -0.375000000000000   -0.125000000000000   0.000000000000000   
0.245798449741138   0.245798449741139   0.245798449741138   0.245798449741139   0.380731055464413   0.380731055464411   0.380731055464413   0.380731055464411   0.650596266910959   0.650596266910960   0.650596266910958   0.650596266910960   0.785528872634232   0.785528872634232   0.785528872634232   0.785528872634233   0.134016619147296   0.134016619147295   0.134016619147297   0.134016619147296   0.263674632501419   0.275276582211562   0.271106893629536   0.265938868204482   0.544165568135514   0.532242283976277   0.536697888471972   0.534094844817649   0.673747042040390   0.673747042040390   0.673747042040390   0.673747042040389   -0.089547042040390   -0.089547042040389   -0.089547042040390   -0.089547042040389   0.040034431864487   0.051957716023721   0.047502111528027   0.050105155182335   0.320525367498581   0.308923417788439   0.313093106370463   0.318261131795500   0.450183380852704   0.450183380852704   0.450183380852704   0.450183380852704   -0.201328872634232   -0.201328872634233   -0.201328872634232   -0.201328872634232   -0.066396266910960   -0.066396266910958   -0.066396266910959   -0.066396266910959   0.203468944535588   0.203468944535587   0.203468944535588   0.203468944535588   0.338401550258861   0.338401550258862   0.338401550258861   0.338401550258862   
-0.067312253486936   -0.067312253486937   -0.067312253486936   -0.067312253486937   -0.011421338190015   -0.011421338190015   -0.011421338190015   -0.011421338190015   0.100360492403828   0.100360492403827   0.100360492403828   0.100360492403827   0.156251407700749   0.156251407700749   0.156251407700749   0.156251407700749   0.202552957959610   0.202552957959611   0.202552957959610   0.202552957959611   0.255394142457166   0.264601451304052   0.262581419068576   0.260198265978454   0.367108953223241   0.375965766491286   0.374112994825781   0.364137363761058   0.426116619147295   0.426116619147296   0.426116619147296   0.426116619147296   0.742283380852704   0.742283380852704   0.742283380852704   0.742283380852704   0.801291046776759   0.792434233508714   0.794287005174220   0.804262636238943   0.913005857542833   0.903798548695948   0.905818580931423   0.908201734021542   0.965847042040390   0.965847042040390   0.965847042040390   0.965847042040390   1.012148592299251   1.012148592299251   1.012148592299251   1.012148592299251   1.068039507596172   1.068039507596172   1.068039507596172   1.068039507596172   1.179821338190015   1.179821338190015   1.179821338190015   1.179821338190015   1.235712253486936   1.235712253486937   1.235712253486936   1.235712253486936   
1.000000000000000   1.000000000000000   1.000000000000000   1.000000000000000   1.000000000000000   1.000000000000000   1.000000000000000   1.000000000000000   1.000000000000000   1.000000000000000   1.000000000000000   1.000000000000000   1.000000000000000   1.000000000000000   1.000000000000000   1.000000000000000   1.000000000000000   1.000000000000000   1.000000000000000   1.000000000000000   1.000000000000000   1.000000000000000   1.000000000000000   1.000000000000000   1.000000000000000   1.000000000000000   1.000000000000000   1.000000000000000   1.000000000000000   1.000000000000000   1.000000000000000   1.000000000000000   1.000000000000000   1.000000000000000   1.000000000000000   1.000000000000000   1.000000000000000   1.000000000000000   1.000000000000000   1.000000000000000   1.000000000000000   1.000000000000000   1.000000000000000   1.000000000000000   1.000000000000000   1.000000000000000   1.000000000000000   1.000000000000000   1.000000000000000   1.000000000000000   1.000000000000000   1.000000000000000   1.000000000000000   1.000000000000000   1.000000000000000   1.000000000000000   1.000000000000000   1.000000000000000   1.000000000000000   1.000000000000000   1.000000000000000   1.000000000000000   1.000000000000000   1.000000000000000   
PATCH 2 
2 2 2 
4 4 4 
0.0000000   0.0000000   0.0000000   0.5000000   1.0000000   1.0000000   1.0000000   
0.0000000   0.0000000   0.0000000   0.5000000   1.0000000   1.0000000   1.0000000   
0.0000000   0.0000000   0.0000000   0.5000000   1.0000000   1.0000000   1.0000000   
0.000000000000000   0.488638027057825   1.492017688564600   2.000000000000000   0.000000000000000   0.502892827756627   1.495323698105556   2.000000000000000   0.000000000000000   0.507519661632693   1.499950531981605   2.000000000000000   0.000000000000000   0.508781432059784   1.512161093566494   2.000000000000000   0.000000000000000   0.507078022449843   1.492979220161191   2.000000000000000   0.000000000000000   0.517006965534936   1.497245905853383   2.000000000000000   0.000000000000000   0.522480665621286   1.502719605939768   2.000000000000000   0.000000000000000   0.518435254049641   1.504336451761011   2.000000000000000   0.000000000000000   0.518435254049639   1.504336451761003   2.000000000000000   0.000000000000000   0.522480665621297   1.502719605939759   2.000000000000000   0.000000000000000   0.517006965534944   1.497245905853396   2.000000000000000   0.000000000000000   0.507078022449850   1.492979220161202   2.000000000000000   0.000000000000000   0.508781432059776   1.512161093566502   2.000000000000000   0.000000000000000   0.507519661632692   1.499950531981611   2.000000000000000   0.000000000000000   0.502892827756630   1.495323698105557   2.000000000000000   0.000000000000000   0.488638027057837   1.492017688564593   2.000000000000000   
0.245798449741139   0.170856540561037   0.049432726171734   0.000000000000000   0.380731055464411   0.320454163567280   0.193507758492692   0.146050000000000   0.650596266910960   0.617578685815829   0.483986714499275   0.438150000000000   0.785528872634233   0.767384006864314   0.627854048777944   0.584200000000000   0.134016619147296   0.116149760042514   0.013852051607213   0.000000000000000   0.265938868204482   0.251378583345081   0.161688679128929   0.146050000000000   0.534094844817649   0.525758461768524   0.453137936944657   0.438150000000000   0.673747042040389   0.664043680254950   0.597918169282380   0.584200000000000   -0.089547042040389   -0.079843680255174   -0.013718169282485   0.000000000000000   0.050105155182335   0.058441538231279   0.131062063055277   0.146050000000000   0.318261131795500   0.332821416654696   0.422511320871117   0.438150000000000   0.450183380852704   0.468050239957199   0.570347948392913   0.584200000000000   -0.201328872634232   -0.183184006864366   -0.043654048778008   0.000000000000000   -0.066396266910959   -0.033378685815862   0.100213285500667   0.146050000000000   0.203468944535588   0.263745836432670   0.390692241507274   0.438150000000000   0.338401550258862   0.413343459438877   0.534767273828248   0.584200000000000   
-0.067312253486937   -0.090879900907505   -0.029497038810552   0.000000000000000   -0.011421338190015   -0.059395954758786   -0.014020796246966   0.000000000000000   0.100360492403827   0.027833091889210   0.010531987698765   0.000000000000000   0.156251407700749   0.073463007423472   0.029723714046175   0.000000000000000   0.202552957959611   0.213628615950501   0.255266933773199   0.292100000000000   0.260198265978454   0.241099759813985   0.274355737124481   0.288464809840028   0.364137363761058   0.323594855737592   0.303642471794773   0.296307542651268   0.426116619147296   0.368803070507109   0.323656140404345   0.292100000000000   0.742283380852704   0.799596929492879   0.844743859595665   0.876300000000000   0.804262636238943   0.844805144262404   0.864757528205237   0.872092457348731   0.908201734021542   0.927300240185993   0.894044262875528   0.879935190159972   0.965847042040390   0.954771384049495   0.913133066226804   0.876300000000000   1.012148592299251   1.094936992576511   1.138676285953820   1.168400000000000   1.068039507596172   1.140566908110705   1.157868012301200   1.168400000000000   1.179821338190015   1.227795954758869   1.182420796246883   1.168400000000000   1.235712253486936   1.259279900907511   1.197897038810537   1.168400000000000   
1.000000000000000   1.000000000000000   1.000000000000000   1.000000000000000   1.000000000000000   1.000000000000000   1.000000000000000   1.000000000000000   1.000000000000000   1.000000000000000   1.000000000000000   1.000000000000000   1.000000000000000   1.000000000000000   1.000000000000000   1.000000000000000   1.000000000000000   1.000000000000000   1.000000000000000   1.000000000000000   1.000000000000000   1.000000000000000   1.000000000000000   1.000000000000000   1.000000000000000   1.000000000000000   1.000000000000000   1.000000000000000   1.000000000000000   1.000000000000000   1.000000000000000   1.000000000000000   1.000000000000000   1.000000000000000   1.000000000000000   1.000000000000000   1.000000000000000   1.000000000000000   1.000000000000000   1.000000000000000   1.000000000000000   1.000000000000000   1.000000000000000   1.000000000000000   1.000000000000000   1.000000000000000   1.000000000000000   1.000000000000000   1.000000000000000   1.000000000000000   1.000000000000000   1.000000000000000   1.000000000000000   1.000000000000000   1.000000000000000   1.000000000000000   1.000000000000000   1.000000000000000   1.000000000000000   1.000000000000000   1.000000000000000   1.000000000000000   1.000000000000000   1.000000000000000   
PATCH 3 
2 2 2 
4 4 4 
0.0000000   0.0000000   0.0000000   0.5000000   1.0000000   1.0000000   1.0000000   
0.0000000   0.0000000   0.0000000   0.5000000   1.0000000   1.0000000   1.0000000   
0.0000000   0.0000000   0.0000000   0.5000000   1.0000000   1.0000000   1.0000000   
2.000000000000000   2.125000000000000   2.375000000000000   2.500000000000000   2.000000000000000   2.125000000000000   2.375000000000000   2.500000000000000   2.000000000000000   2.125000000000000   2.375000000000000   2.500000000000000   2.000000000000000   2.125000000000000   2.375000000000000   2.500000000000000   2.000000000000000   2.125000000000000   2.375000000000000   2.500000000000000   2.000000000000000   2.125000000000000   2.375000000000000   2.500000000000000   2.000000000000000   2.125000000000000   2.375000000000000   2.500000000000000   2.000000000000000   2.125000000000000   2.375000000000000   2.500000000000000   2.000000000000000   2.125000000000000   2.375000000000000   2.500000000000000   2.000000000000000   2.125000000000000   2.375000000000000   2.500000000000000   2.000000000000000   2.125000000000000   2.375000000000000   2.500000000000000   2.000000000000000   2.125000000000000   2.375000000000000   2.500000000000000   2.000000000000000   2.125000000000000   2.375000000000000   2.500000000000000   2.000000000000000   2.125000000000000   2.375000000000000   2.500000000000000   2.000000000000000   2.125000000000000   2.375000000000000   2.500000000000000   2.000000000000000   2.125000000000000   2.375000000000000   2.500000000000000   
0.000000000000000   0.000000000000000   0.000000000000000   0.000000000000000   0.146050000000000   0.146050000000000   0.146050000000000   0.146050000000000   0.438150000000000   0.438150000000000   0.438150000000000   0.438150000000000   0.584200000000000   0.584200000000000   0.584200000000000   0.584200000000000   0.000000000000000   0.000000000000000   0.000000000000000   0.000000000000000   0.146050000000000   0.146050000000000   0.146050000000000   0.146050000000000   0.438150000000000   0.438150000000000   0.438150000000000   0.438150000000000   0.584200000000000   0.584200000000000   0.584200000000000   0.584200000000000   0.000000000000000   0.000000000000000   0.000000000000000   0.000000000000000   0.146050000000000   0.146050000000000   0.146050000000000   0.146050000000000   0.438150000000000   0.438150000000000   0.438150000000000   0.438150000000000   0.584200000000000   0.584200000000000   0.584200000000000   0.584200000000000   0.000000000000000   0.000000000000000   0.000000000000000   0.000000000000000   0.146050000000000   0.146050000000000   0.146050000000000   0.146050000000000   0.438150000000000   0.438150000000000   0.438150000000000   0.438150000000000   0.584200000000000   0.584200000000000   0.584200000000000   0.584200000000000   
0.000000000000000   0.000000000000000   0.000000000000000   0.000000000000000   0.000000000000000   0.000000000000000   0.000000000000000   0.000000000000000   0.000000000000000   0.000000000000000   0.000000000000000   0.000000000000000   0.000000000000000   0.000000000000000   0.000000000000000   0.000000000000000   0.292100000000000   0.292100000000000   0.292100000000000   0.292100000000000   0.288464809840028   0.291830711260593   0.291884440783606   0.291918967008213   0.296307542651268   0.292080966097231   0.292301956190215   0.291985986835981   0.292100000000000   0.292100000000000   0.292100000000000   0.292100000000000   0.876300000000000   0.876300000000000   0.876300000000000   0.876300000000000   0.872092457348731   0.876319033902770   0.876098043809785   0.876414013164020   0.879935190159972   0.876569288739407   0.876515559216394   0.876481032991788   0.876300000000000   0.876300000000000   0.876300000000000   0.876300000000000   1.168400000000000   1.168400000000000   1.168400000000000   1.168400000000000   1.168400000000000   1.168400000000000   1.168400000000000   1.168400000000000   1.168400000000000   1.168400000000000   1.168400000000000   1.168400000000000   1.168400000000000   1.168400000000000   1.168400000000000   1.168400000000000   
1.000000000000000   1.000000000000000   1.000000000000000   1.000000000000000   1.000000000000000   1.000000000000000   1.000000000000000   1.000000000000000   1.000000000000000   1.000000000000000   1.000000000000000   1.000000000000000   1.000000000000000   1.000000000000000   1.000000000000000   1.000000000000000   1.000000000000000   1.000000000000000   1.000000000000000   1.000000000000000   1.000000000000000   1.000000000000000   1.000000000000000   1.000000000000000   1.000000000000000   1.000000000000000   1.000000000000000   1.000000000000000   1.000000000000000   1.000000000000000   1.000000000000000   1.000000000000000   1.000000000000000   1.000000000000000   1.000000000000000   1.000000000000000   1.000000000000000   1.000000000000000   1.000000000000000   1.000000000000000   1.000000000000000   1.000000000000000   1.000000000000000   1.000000000000000   1.000000000000000   1.000000000000000   1.000000000000000   1.000000000000000   1.000000000000000   1.000000000000000   1.000000000000000   1.000000000000000   1.000000000000000   1.000000000000000   1.000000000000000   1.000000000000000   1.000000000000000   1.000000000000000   1.000000000000000   1.000000000000000   1.000000000000000   1.000000000000000   1.000000000000000   1.000000000000000   
INTERFACE 1 
1 2 
2 1 
1 1 1 
INTERFACE 2 
2 2 
3 1 
1 1 1 
BOUNDARY 1 
1
1 1 
BOUNDARY 2 
1
3 2 
BOUNDARY 3 
12 
1 3 
1 4 
1 5 
1 6 
2 3 
2 4 
2 5 
2 6 
3 3 
3 4 
3 5 
3 6 
