# nurbs mesh v.2.1
#
# 06-Oct-2017
#
2 2 2 1 0 
PATCH 1 
1 1 
2 2 
0.000000000000000   0.000000000000000   1.000000000000000   1.000000000000000   
0.000000000000000   0.000000000000000   1.000000000000000   1.000000000000000   
-1.000000000000000   0.000000000000000   -1.000000000000000   0.000000000000000   
-1.000000000000000   -1.000000000000000   1.000000000000000   0.000000000000000   
1.000000000000000   1.000000000000000   1.000000000000000   1.000000000000000   
PATCH 2 
1 1 
2 2 
0.000000000000000   0.000000000000000   1.000000000000000   1.000000000000000   
0.000000000000000   0.000000000000000   1.000000000000000   1.000000000000000   
0.000000000000000   1.000000000000000   -1.000000000000000   1.000000000000000   
0.000000000000000   0.000000000000000   1.000000000000000   1.000000000000000   
1.000000000000000   1.000000000000000   1.000000000000000   1.000000000000000   
INTERFACE 1 
1 4 
2 1 
-1 
BOUNDARY 1 
1 
1 1 
BOUNDARY 2 
1 
1 2 
BOUNDARY 3 
1 
1 3 
BOUNDARY 4 
1 
2 2 
BOUNDARY 5 
1 
2 3 
BOUNDARY 6 
1 
2 4 
