# nurbs mesh v.2.1
#
# 03-Mar-2016
#
2 2 3 2 0 
PATCH 1 
2 1 
3 2 
0.0000000   0.0000000   0.0000000   1.0000000   1.0000000   1.0000000   
0.0000000   0.0000000   1.0000000   1.0000000   
0.152240934977427   0.000000000000000   0.000000000000000   -0.771638597533860   -0.980785280403230   -1.000000000000000   
-0.765366864730180   -0.390180644032257   -0.000000000000000   -1.148050297095269   -0.585270966048385   0.000000000000000   
1.000000000000000   0.980785280403230   1.000000000000000   1.000000000000000   0.980785280403230   1.000000000000000   
PATCH 2 
2 1 
3 2 
0.0000000   0.0000000   0.0000000   1.0000000   1.0000000   1.0000000   
0.0000000   0.0000000   1.0000000   1.0000000   
0.000000000000000   0.000000000000000   0.152240934977427   -1.000000000000000   -0.980785280403230   -0.771638597533860   
0.000000000000000   0.390180644032256   0.765366864730179   0.000000000000000   0.585270966048385   1.148050297095269   
1.000000000000000   0.980785280403230   1.000000000000000   1.000000000000000   0.980785280403230   1.000000000000000   
PATCH 3 
2 1 
3 2 
0.0000000   0.0000000   0.0000000   1.0000000   1.0000000   1.0000000   
0.0000000   0.0000000   1.0000000   1.0000000   
1.000000000000000   0.980785280403230   1.076120467488713   0.000000000000000   0.000000000000000   0.152240934977427   
0.000000000000000   0.195090322016128   0.382683432365090   0.000000000000000   0.390180644032256   0.765366864730179   
1.000000000000000   0.980785280403230   1.000000000000000   1.000000000000000   0.980785280403230   1.000000000000000   
INTERFACE 1 
1 2 
2 1 
1 
INTERFACE 2 
2 3 
3 4 
1 
BOUNDARY 1 
1 
1 1 
BOUNDARY 2 
1 
1 3 
BOUNDARY 3 
1 
1 4 
BOUNDARY 4 
1 
2 2 
BOUNDARY 5 
1 
2 4 
BOUNDARY 6 
1 
3 1 
BOUNDARY 7 
1 
3 2 
BOUNDARY 8 
1 
3 3 
