# nurbs mesh v.2.1
#
# 20-Jun-2024
#
2 3 3 3 0 
PATCH 1 
2 2 
3 3 
0.000000000000000   0.000000000000000   0.000000000000000   1.000000000000000   1.000000000000000   1.000000000000000   
0.000000000000000   0.000000000000000   0.000000000000000   1.000000000000000   1.000000000000000   1.000000000000000   
-0.500000000000000   -0.500000000000000   -0.500000000000000   -0.375000000000000   -0.300000000000000   -0.225000000000000   -0.250000000000000   -0.100000000000000   0.050000000000000   
-0.500000000000000   0.000000000000000   0.500000000000000   -0.500000000000000   -0.150000000000000   0.200000000000000   -0.500000000000000   -0.300000000000000   -0.100000000000000   
0.000000000000000   0.500000000000000   0.000000000000000   -0.125000000000000   0.150000000000000   0.025000000000000   -0.187500000000000   -0.062500000000000   -0.007500000000000   
1.000000000000000   1.000000000000000   1.000000000000000   1.000000000000000   1.000000000000000   1.000000000000000   1.000000000000000   1.000000000000000   1.000000000000000   
PATCH 2 
2 2 
3 3 
0.000000000000000   0.000000000000000   0.000000000000000   1.000000000000000   1.000000000000000   1.000000000000000   
0.000000000000000   0.000000000000000   0.000000000000000   1.000000000000000   1.000000000000000   1.000000000000000   
0.500000000000000   0.125000000000000   -0.250000000000000   0.500000000000000   0.200000000000000   -0.100000000000000   0.500000000000000   0.275000000000000   0.050000000000000   
-0.500000000000000   -0.500000000000000   -0.500000000000000   -0.225000000000000   -0.262500000000000   -0.300000000000000   0.050000000000000   -0.025000000000000   -0.100000000000000   
0.000000000000000   -0.375000000000000   -0.187500000000000   0.275000000000000   -0.062500000000000   -0.062500000000000   0.247500000000000   0.030000000000000   -0.007500000000000   
1.000000000000000   1.000000000000000   1.000000000000000   1.000000000000000   1.000000000000000   1.000000000000000   1.000000000000000   1.000000000000000   1.000000000000000   
PATCH 3 
2 2 
3 3 
0.000000000000000   0.000000000000000   0.000000000000000   1.000000000000000   1.000000000000000   1.000000000000000   
0.000000000000000   0.000000000000000   0.000000000000000   1.000000000000000   1.000000000000000   1.000000000000000   
0.050000000000000   -0.225000000000000   -0.500000000000000   0.275000000000000   0.137500000000000   0.000000000000000   0.500000000000000   0.500000000000000   0.500000000000000   
-0.100000000000000   0.200000000000000   0.500000000000000   -0.025000000000000   0.237500000000000   0.500000000000000   0.050000000000000   0.275000000000000   0.500000000000000   
-0.007500000000000   0.025000000000000   0.000000000000000   0.030000000000000   -0.100000000000000   -0.500000000000000   0.247500000000000   0.225000000000000   0.000000000000000   
1.000000000000000   1.000000000000000   1.000000000000000   1.000000000000000   1.000000000000000   1.000000000000000   1.000000000000000   1.000000000000000   1.000000000000000   
INTERFACE 1 
1 2 
3 3 
-1 
INTERFACE 2 
1 4 
2 2 
1 
INTERFACE 3 
2 4 
3 1 
-1 
BOUNDARY 1 
1 
1 1 
BOUNDARY 2 
1 
1 3 
BOUNDARY 3 
1 
2 1 
BOUNDARY 4 
1 
2 3 
BOUNDARY 5 
1 
3 2 
BOUNDARY 6 
1 
3 4 
